6342
4131
8223
54147
48768
16851
10227
12447
13428
4719
36345
36168
25278
6900
7110
45981
4059
5865
27522
10035
4917
16914
9237
15369
16842
10353
68019
15018
23304
19827
25155
11646
17361
20376
23367
9678
1998
4452
4755
8676
29670
1989
7776
7185
12777
1983
18726
19524
4728
9909
17607
10029
25545
2625
19269
17181
9705
8538
61719
11280
16455
32034
19626
15831
4452
12270
10788
49935
6222
3603
12993
14334
28857
19554
44118
2604
24057
15285
19740
27024
18003
5703
5376
8307
16809
8241
10050
19233
4950
6117
19989
4581
4017
3897
23442
1869
2991
51426
13686
11883
