39100
47660
56592
32164
35692
38984
52876
41540
39208
34132
39392
61632
40716
44972
44992
32628
43936
54488
48176
50412
40384
45604
61948
44808
36648
45304
34648
69152
38436
30308
61088
33440
44404
38076
71684
40656
74460
54868
32832
46668
42432
57072
42120
60412
33092
38456
36736
49840
58216
34308
30116
43444
46928
41112
52272
39612
37492
58148
34508
33880
44116
53064
57244
94160
50152
47892
28304
39080
39916
51540
37300
52080
42100
37968
34524
41356
38312
48392
51012
38012
43812
51960
52152
53840
44216
70852
50080
37664
49356
38812
69396
51928
59884
47740
38176
43088
38964
38160
67244
46348
