102957
94152
42930
87207
281607
100092
50745
72516
56448
53934
104685
82005
87003
129657
42684
53910
24642
85770
80067
60696
102192
64542
193455
96420
168534
218877
71211
46959
41943
125427
114651
36345
286509
48444
187995
63108
31509
79428
57936
27324
107100
81090
33621
112023
83772
166827
80175
45639
102453
48768
36780
76635
163578
124980
81504
130362
61545
36711
189633
119478
108876
63963
87489
69726
191853
280893
89745
112128
84249
114090
70932
200565
86679
41049
43884
167121
85710
100566
95961
111276
78636
26442
120468
65061
48657
36363
44544
82896
41556
208359
29565
28503
68547
62508
39867
223098
57450
394440
289728
43647
