641200
564921
627669
348985
960974
599788
456757
528927
408884
343686
372085
608944
413476
1722406
485086
746543
505918
279622
265629
421512
431949
631064
477008
385259
417753
450450
576226
846741
275877
388507
347487
312739
599970
283752
295715
673491
313873
372624
479003
441126
546203
519449
263879
692643
403704
834519
448210
636069
763063
832062
330316
752017
372120
486857
735623
239029
1008623
336511
397390
261562
395661
221494
261436
317072
394513
332304
510209
637420
518364
729631
502390
597156
463379
757344
194817
441616
530376
249879
400316
642138
528059
198527
447825
534387
505575
707035
392210
723625
294679
512652
380863
235907
300342
480683
666218
586208
610974
555184
180222
353136
