12424
6192
31880
7540
21884
5836
4388
7456
6640
9332
11168
14336
10256
8888
3504
7064
7924
15068
14928
20156
11448
9540
7764
4052
40620
8784
17612
6456
2504
9836
15172
8604
8024
12296
15788
5048
17012
21232
5684
10568
4084
24108
5100
3604
13416
3096
10060
3584
17876
19724
5716
4688
3408
14084
13012
26064
18104
4480
8128
7484
2132
23848
15608
10824
20228
8012
11656
6920
12844
6888
3780
35232
15932
5484
34944
22920
8484
4612
26928
11240
6480
14424
4452
20824
5772
13808
11688
10100
6716
21044
14704
34764
31548
2584
5908
7704
6136
3552
3820
5772
