26940
26991
24027
25008
23799
35676
21573
33669
22392
31596
26859
29295
42675
30720
38475
40581
36267
28833
28272
30789
29826
26937
35967
33501
31008
27822
31422
35049
28284
27123
34530
21942
30873
22986
21585
31779
51561
32325
30126
29031
29862
39354
36600
37986
35670
22593
36588
48609
38700
24297
33009
36087
32817
27240
40560
22626
32346
25905
22980
30963
35391
34662
23508
24492
33258
28653
27780
24927
27678
37485
20922
47172
35745
31182
30981
37905
35046
32562
22875
26418
39894
33816
29109
33237
34008
29607
32610
29172
28455
26925
29568
28500
51954
38952
37953
39603
30201
38121
23856
30744
