47208
32942
21553
14784
27062
13727
84098
22491
40089
61425
93401
25921
38416
29057
64925
20517
54243
43267
19908
122479
45024
29246
21539
48111
29988
26103
13636
105406
33782
37408
29771
10829
36988
116081
76321
16009
136752
63462
37443
25116
24654
47145
62020
44534
52724
57729
8862
22848
39179
12362
31934
64841
63798
33901
70245
13811
35119
28182
32781
49987
12502
45220
28847
50148
60053
24339
41790
26061
34090
18410
56000
86800
25312
98924
28637
52045
321706
56490
80836
32228
18242
25123
22834
18291
32606
24969
26383
70364
38493
18067
49938
30597
31717
22358
89978
13531
42294
17703
57183
67655
