31200
110028
49818
58074
17112
23994
13956
25500
90888
25908
13128
55464
7332
90360
3420
34092
7710
87768
16092
71010
55464
9504
64686
4608
30540
13182
12696
27240
13698
26466
14364
24954
111576
92556
29382
145368
8814
7914
43752
3894
41748
11454
12210
15366
50286
8298
21594
14724
33972
42828
20652
44544
18522
24126
7842
32064
25074
26088
28698
13566
11238
120342
25530
108522
6720
54564
44046
38226
14742
40518
4974
144336
73800
16086
29718
15156
88950
42942
64428
21126
10464
73914
9114
16488
23868
71784
77940
82002
46296
35682
26640
144948
13770
86832
8418
10902
47334
9660
24540
23250
