2292
3036
2010
2448
2452
2598
2748
4874
1972
3658
2436
5788
2796
3050
1708
3344
3492
1352
2174
1778
3490
3144
2050
3006
2772
2632
3328
1620
3704
4654
3116
2434
3016
2510
4506
1936
3734
2422
3988
1616
3170
3098
4130
2108
2964
3320
2610
4270
2896
1806
4978
2922
2332
2136
2416
2514
1736
4300
2608
2070
2462
2976
2036
2856
2360
1964
2700
2950
2926
2416
4610
2076
4824
2260
3880
4194
2532
2676
3488
2714
3694
5496
1566
2366
2346
2780
3110
2742
3230
3784
3338
2692
2300
1834
2604
2644
3514
2520
2968
1926
