8376
4032
6668
4164
7564
2092
6016
3576
5676
4660
3128
6620
6584
7520
5724
4072
8256
9252
3012
5328
8748
3104
11144
4164
5188
4372
9484
3656
4312
12048
8756
7268
2524
4692
3776
3216
9384
4484
9204
7232
4084
12892
11220
8528
5628
4976
3084
5564
7520
3540
5716
2968
3212
4644
14284
4432
12932
5192
4164
3104
8004
9156
8904
16192
4764
5424
20240
7272
7720
3828
2400
3580
2972
16008
4488
8356
2904
14284
14944
8944
6180
12068
3772
3652
6172
7352
6860
4560
6204
9016
29024
9784
5816
6408
7080
4760
5580
2056
5256
5260
