32426
22290
29268
51266
36288
31062
40426
31740
43182
30272
29414
34754
35654
39382
33986
35986
35078
35478
34316
34202
38760
38522
31316
29826
36158
34204
40208
30116
25192
25274
45988
23138
28032
27416
34982
40320
33074
31112
42392
37918
36126
34858
37958
43428
33792
31504
56010
67480
41260
45118
41670
52334
27196
38452
38206
28146
30646
28524
36338
30742
23574
40428
28378
32494
29470
36496
35458
26482
29010
34334
36176
29280
46338
23366
34704
28942
28702
37212
32864
32088
27338
40848
36730
25728
36712
37634
31574
38528
32310
32138
40954
33654
36042
34992
34432
48114
29350
31268
26164
33264
