47173
54166
55664
207739
37324
39739
50897
48839
70770
49714
10948
146587
94094
20510
133238
106652
20804
143563
80794
31108
136045
38017
25984
118944
33810
46900
45801
6475
10332
23429
269731
24101
229607
112553
30072
104356
119833
85120
15603
13538
71890
106554
118930
62041
104034
14749
64827
67438
128324
146727
31892
27167
84910
50596
83888
105315
60347
27216
119721
29309
12488
58793
125405
43946
48349
52458
272531
81641
126035
134561
143031
25319
99036
28623
52248
458766
38381
168343
63434
10472
18200
66409
59031
95214
56630
49175
24164
31668
11298
13370
71064
42294
111636
73227
35308
59843
8022
74508
28364
109732
