2304
3344
5536
2332
3628
1536
2868
3228
4108
3780
3664
3212
2880
3044
3552
2376
2880
3888
1632
4924
2820
2340
2060
4288
2668
6964
4348
6884
2560
1864
3700
3084
6384
3464
6156
4420
2788
3972
3228
3480
4068
2904
2060
5684
2328
4896
2860
3448
3272
4872
3900
2332
4116
5104
4280
7068
3908
3872
5388
3624
2132
3444
2348
7012
4636
3520
2684
3684
3180
3200
2164
4280
5672
3104
6020
3668
4348
5096
3420
2904
2628
3524
7432
2952
2648
2780
6660
3304
2996
4320
3640
4348
3448
3532
4024
4584
3632
4268
4116
2776
