180696
267774
222702
186714
328704
100302
231588
291840
231408
196056
547896
121722
301020
190194
224874
262938
246966
192924
343788
132444
416988
228384
185502
151668
194442
195270
360798
347958
156438
533292
142092
286002
145974
294420
305076
312750
276000
364956
157740
173010
135900
369354
365130
303672
119952
162282
316728
337368
419826
459042
184572
155988
542820
222906
229266
361158
360498
414396
127032
222876
455730
239754
148476
216222
216498
221286
275592
381996
165006
191772
234576
351456
305964
588786
286008
262548
235314
154218
179604
144090
135234
670140
230088
341400
114942
148908
172398
492198
223830
191664
154608
217020
208608
215652
151134
157728
145728
478110
286782
435960
