25680
5604
81720
16326
11976
30060
19914
19644
38460
14562
13212
29502
7416
26154
56664
28716
42504
7692
62496
16950
27066
7950
17184
12816
28764
25644
15120
30426
13182
12696
9210
13398
16692
25848
27972
15186
16398
11388
15138
21984
37008
8844
7182
9108
14688
23688
37098
5682
17478
14724
20634
44622
20862
16692
11082
38826
20166
15498
13056
19734
11232
11310
34728
53340
21210
25560
17292
19668
32814
39060
4974
7284
17880
25674
53730
44574
52596
16344
16062
29694
10446
43218
30804
25458
22308
11922
11238
47034
32328
17826
26556
12330
27702
9174
69990
26346
8994
6906
12030
20376
