1817866
104306
540386
3356182
2105560
124104
509260
800378
409412
1093070
814712
1000320
780726
671612
674952
2533192
1288650
283932
57054
492604
304972
1378386
2838220
1788714
299978
828228
603096
2631626
1970890
605508
567600
576964
1425814
180002
687172
373596
1768552
3515638
615932
535084
4927578
1818554
469324
877310
1668890
912016
742718
660764
2960184
495636
1909118
3590438
1711690
348596
33830
331766
2010826
1779320
188332
416064
86154
834792
725962
66490
356114
84490
1100272
2000510
278090
296360
130272
1172568
680934
1804906
3429246
102218
3739722
462036
344200
806198
2758464
1791016
164188
492378
1963370
346582
1872914
396922
1202552
296298
191684
289828
1364132
1077876
4686704
2283364
214356
213908
825864
435580
