32240
137952
22952
28680
50496
49288
44736
16976
47640
56488
42456
48752
49608
70232
121616
44392
67376
93112
111016
47736
41584
52512
46520
135040
76264
70976
23792
103096
44072
93568
52256
42808
38152
55424
27120
26736
58208
51816
53648
64352
59944
73888
119664
53024
29176
37696
33144
44272
13864
125264
31408
22632
76928
19184
34192
54888
52048
28064
53504
50816
23536
79128
98432
53560
41920
44888
51800
59424
31128
85480
15760
60888
46736
44648
45880
57256
77816
36056
43128
110928
29312
40232
57008
58672
132288
116928
15336
27040
30792
26432
102672
52720
14848
63120
51248
64032
24536
35888
10792
119888
