17112
8466
5604
11430
31968
25422
13104
28266
15060
14874
7464
20430
14670
7362
9492
9414
7320
15936
2724
11550
26958
7932
5766
10056
4806
9480
15582
12096
5454
8868
8022
8778
18108
4590
25866
13416
10572
7380
17652
10608
13050
24066
9036
16092
14754
7380
16416
14850
22224
5610
13218
7488
10680
4590
10164
11730
12090
9012
20472
14400
7332
15390
29238
10860
14274
12600
16896
26052
8148
23472
4986
7308
8718
9090
10284
8700
6642
20904
17658
13872
10434
17664
15774
9726
9966
20934
9084
10974
13074
15072
13632
8742
16260
5118
19266
12714
21726
17820
12144
8976
