76105
65115
64905
67450
90580
80385
75750
77680
85055
64435
73375
97555
62350
81070
98380
71195
79180
81500
129565
91870
94030
52905
74075
109870
74645
75380
107795
96305
76320
84610
63070
87280
71445
69480
150800
73385
83490
92970
79395
83590
77345
114415
108665
193190
93160
66805
82090
73500
78950
87445
72955
69510
69065
96900
121430
58985
74760
110630
90955
71860
76005
72395
75560
100205
54150
108475
93240
68070
64090
66595
108080
126010
65445
72985
72235
99385
70985
78025
74075
66150
58440
61865
85270
46875
44035
83770
103225
130395
82890
67080
111675
83480
73540
73395
89805
126310
75795
68600
87225
50290
