5328
7282
12304
13226
5334
8526
62436
5144
16630
38580
25774
3634
5926
4606
17152
26902
23892
24222
15240
4476
5534
3218
3850
8796
11872
5774
4208
47230
6744
24904
17004
12272
5480
22872
7032
5782
20962
10342
4246
12924
14072
12682
24252
8126
4762
37332
42714
3392
39570
19698
8116
18078
11712
69836
13480
10516
4290
4528
11132
20350
12694
6238
4300
30046
12550
8576
29796
93054
15438
16304
34758
75682
2648
7146
9550
56360
13400
8306
7438
21182
10856
3006
27208
17090
11494
5808
5634
15590
12526
11772
6032
46650
14788
24682
5880
4500
13582
29056
35124
6410
