6339
4044
7665
7209
6171
4275
9825
4611
3807
2748
6612
2751
13569
13446
4953
11679
2778
5106
11640
1782
3081
1833
3063
5607
8244
3258
2397
3582
8880
3552
5466
4995
3840
3195
4332
3309
1845
4725
5085
11040
13077
3603
5349
7650
1989
7746
7470
4359
8166
1983
15855
1779
9129
13587
4923
7938
2322
9825
9765
9216
16446
1887
7098
7821
10368
4899
5541
3018
12774
5466
12228
918
8220
2526
3432
9192
6909
12732
4911
4551
4026
3702
4416
5814
2856
2301
3642
10623
7218
2700
5007
5223
6468
3276
4587
4062
3897
8553
8136
6753
