12788
40592
173946
62336
264196
236454
321012
11278
106384
92842
57282
480256
201540
26740
48716
179862
56956
230760
145618
109298
8752
13300
16984
51546
8618
42686
157930
25290
110506
116958
91410
252952
262092
75410
305012
99508
63070
83392
316904
85532
51006
14308
141288
44838
56974
56914
14960
146112
2628
178210
131742
95190
57474
71842
7246
28044
7682
9114
9184
10418
53282
12584
131392
64186
15376
41410
19258
56350
11366
115230
34840
78246
72596
14816
73004
89614
8032
261470
70342
293958
10902
98436
21036
258600
56306
8496
167906
34272
148006
79058
98154
17962
70762
264386
25450
69008
351424
205446
47716
188108
