19675
30330
24765
30180
25705
26800
26100
22940
24500
36600
21955
26820
29040
32065
38300
22160
45960
24310
23305
37900
30075
22845
25355
24245
25485
22550
29065
19610
33950
25805
29825
31835
26575
22360
31095
28680
32865
22040
19125
25510
27520
21330
32420
27130
21950
31135
24995
24665
29230
41035
27025
25540
27970
37720
24530
23550
28065
24930
33120
28675
26500
33830
24340
27810
21500
27125
28160
32670
35525
23470
25105
25915
31720
31670
23835
28790
25170
26165
29460
24245
33600
29100
23335
26410
26715
24090
20220
27430
22340
26030
31595
19190
25765
31150
26110
23170
29655
28770
24995
27945
