12750
12410
10353
14620
13413
11985
12699
12648
11033
11356
12189
12580
12359
10829
12461
15487
12070
10693
11917
11934
12002
11866
10608
13056
12036
13005
11288
13022
12002
12308
11016
12563
13940
10795
12070
14008
13090
11900
11951
12223
11628
12818
12954
10982
12750
13923
15045
13770
11849
13804
12801
11849
11322
11458
11679
11934
11968
10268
11288
12835
11917
12308
12461
10948
13464
12002
10778
11798
14144
12886
11645
12189
12988
15045
11118
11339
13124
11645
13379
12682
13447
10965
11866
12716
11033
11866
12002
11696
12835
15555
12835
10472
13617
13039
11917
12886
12614
11917
10744
14654
