12900
12875
12625
14275
12275
12525
13350
13750
14175
14725
13600
14300
12800
15075
12925
13650
13550
13400
16100
13650
12500
12650
12625
12600
13375
13925
13525
12775
14575
13125
13350
13075
12600
14250
13675
12125
13750
13150
13125
11775
11775
12200
13925
13450
13825
12450
12425
14025
11975
15125
14450
13575
13300
13800
12375
12875
12625
13200
12525
15425
13925
12900
14950
13400
13375
12225
15300
13125
13250
12525
16475
13525
14300
13875
12475
12600
12275
13400
14200
12975
12950
14750
15050
12850
12575
14175
12825
12175
13500
12625
15000
12475
13325
13100
12600
14925
12250
13375
13600
12350
