49995
25210
34695
55950
22005
24925
34550
27670
27105
21400
39600
41750
134890
28475
40760
31905
89675
40895
78175
32925
51545
38580
60405
32480
50140
25805
47735
47360
27585
38770
93040
20035
28680
44180
39400
25195
35930
35785
28655
33345
37465
25670
24600
20665
21950
43830
39940
26260
41020
38650
32365
51590
58845
27485
61530
34940
73760
23760
57750
30080
26500
40955
45025
22865
37580
40115
55925
46075
40330
28775
30895
58040
41515
61775
26160
29455
56080
33300
38770
59445
33600
29085
34405
25760
72350
31880
41185
59220
36680
40800
50800
25765
60755
26975
22675
29065
24540
27805
45085
46920
