1323
1428
1155
1155
1218
1134
1260
1239
1575
1176
1659
1491
1407
1134
1575
1533
1512
1176
1806
1512
1155
1470
1407
1596
1281
1218
1806
1176
1302
1470
1428
1806
1197
1680
1407
1638
1470
1197
1344
1449
1344
1470
1239
1722
1407
1239
1365
1176
1365
1407
1680
1155
1260
1323
1386
1260
1407
1533
1428
1281
1554
1218
1428
1155
1239
1491
1617
1386
1407
1344
1449
1386
1365
1365
1680
1302
1533
1344
1554
1869
1407
1764
1449
1491
2394
1239
1491
1281
1596
1596
1449
1491
1302
1050
1743
1155
1239
1386
1533
1554
