11638
12443
12857
12466
12857
12075
10120
13846
13156
13524
13248
12627
13800
12190
12259
11730
13800
13501
15134
12857
13363
10787
12558
12466
12673
13685
13593
15180
12811
11546
13041
12305
13363
14973
14927
13064
13432
14145
11960
14490
10856
12880
15594
12443
15387
12949
12903
13501
13202
12374
13133
13639
12604
14122
13179
12121
13018
13455
12719
12949
11937
13225
13501
12121
12512
11362
12213
14398
13639
13432
13754
14490
13846
12903
11845
12857
14490
12535
12719
13846
12558
14766
12949
12397
12512
13156
14996
13156
13708
11362
13179
12673
14237
11891
12259
12466
12029
12351
15985
12765
