1386
1533
1239
1785
1281
1617
1428
1365
1344
1428
1512
1176
1596
1344
1596
1365
1134
1260
1554
1806
1302
1449
1617
1659
1407
1533
1764
1344
1764
1260
1239
1365
1638
1155
1596
1596
1848
1050
1428
1386
1533
1197
1575
1827
1743
1302
1848
1071
1575
1386
1344
1386
1575
1617
1218
1428
1344
1281
1386
1344
1365
1974
1806
1785
1743
1470
1302
1281
1197
1260
1449
1554
1512
1764
1680
1617
1512
1575
1239
1323
1449
1554
1680
1428
1323
1071
1323
1407
1575
1701
1491
1428
1596
1596
1575
1512
1302
1344
1323
1554
