11400
11856
11400
12749
12464
11704
11894
12654
12920
12369
11514
12160
13357
11590
14364
12597
12160
12730
12084
12958
11685
12274
12141
13414
14668
15029
15732
11818
12122
13205
11628
12198
13357
12863
13433
11780
12578
12198
15200
10773
12673
11362
11951
13053
13072
12502
12920
13870
13110
12654
12160
11742
14079
12103
13205
11514
11590
11856
12160
12027
10944
14554
14041
13414
12274
14307
12236
10602
11742
13509
13319
11780
13167
11647
12464
11362
10260
14478
10906
12806
13775
13319
11514
12559
12103
11856
12863
12939
13110
13376
12711
13015
14098
12065
12388
11951
10754
13129
11704
13965
