11934
13345
11900
13243
13379
10642
12546
11764
13617
12376
13158
12733
12988
11186
11866
15385
13583
11696
11645
16048
12002
12631
11764
12121
12070
12121
11492
12767
12104
12308
14093
11645
12223
12257
12155
10676
11424
11577
13600
12036
11628
12818
12138
11917
12308
14484
15045
13770
11815
12104
14246
13430
10523
11220
12546
15368
11934
11203
13515
11815
11917
12308
12461
12104
12580
11186
10778
11798
14144
12886
11645
12189
16303
11730
15453
12614
11526
14399
12070
11271
13447
10965
11866
12648
11033
11866
13566
11560
15657
12206
14518
12325
14416
11560
13481
12614
12223
12920
13770
11033
