11781
13398
12117
13692
15855
14070
13272
13440
12432
12915
13503
12558
13755
12642
13482
12768
12579
14364
12390
13041
12075
11949
12306
12075
14532
12873
14658
12915
13797
12978
12768
12684
12201
13167
13671
11340
13230
13881
15414
12327
12432
14154
12558
11676
12936
13188
12915
13125
13356
12453
14007
14364
13734
14742
13356
12684
13272
11781
15288
12789
12369
13335
15036
12306
13713
12432
12978
11928
13230
13713
12747
11235
14385
11424
13818
12348
11991
12873
12684
14028
13608
14784
14973
13230
14280
12558
13503
12159
12516
13188
13629
12453
12075
13965
12663
13881
14091
13734
13398
14553
