11781
14490
12054
12600
12747
10710
12537
11151
13860
12999
13419
13608
11928
13188
13839
11928
12957
11361
12768
12495
11004
11991
11634
13020
11655
13062
11088
13146
12873
11718
13314
12936
13419
13041
13314
12033
11025
13692
12096
11739
12201
12117
11844
13251
13167
11991
12453
14028
12495
10983
12537
13125
12894
11634
11445
12096
13125
14175
13251
13020
12474
13125
12243
12390
11403
11802
10521
12831
13797
14133
11739
11886
14028
11340
14700
12033
13041
11550
11613
13293
11634
13860
13041
10668
12642
12558
13650
12957
13167
11130
12768
10878
11970
13713
11928
12138
11844
12411
13398
12705
