12905
14326
15457
14210
14732
15225
13920
13920
13369
14500
14094
14268
14732
14442
16211
14355
13340
13717
13398
13775
14500
15631
13920
13369
13224
13630
13891
14065
14500
16066
14065
13746
14645
14761
14007
13891
14471
13485
13311
13398
12963
14471
14587
15341
13978
14761
13862
12992
13833
13775
13282
13398
15805
14413
15283
13485
13978
15631
13311
13833
13804
14065
13340
14964
13543
12963
13630
13108
14732
14935
15022
15689
13833
13514
13949
13978
14790
13166
13456
14297
15486
14471
13891
14674
14355
15196
13369
13485
14210
13601
14355
13717
15138
15080
12673
14645
15892
13891
16124
13311
