2705
1795
1690
1610
2155
2370
1555
2715
1410
1640
2245
2270
1135
2065
2660
2760
2625
1750
1805
1770
2175
2080
2265
1625
2830
2070
1935
1820
2275
3205
3060
2755
2365
3605
1785
4515
2485
1900
1970
2305
1555
2730
2245
1945
2105
2755
1350
1840
2170
1635
2540
1615
4365
1380
1990
1585
3170
2085
1960
4425
2100
2500
2920
3305
2725
4775
3110
2475
2075
1870
2350
3115
1785
2225
2305
1625
3590
2620
2260
2035
1530
3515
1515
2220
2210
1960
1555
2410
3670
2630
2695
2570
2710
2955
2420
3080
3640
2190
2055
1995
