13915
15249
13570
13179
12351
14559
13432
13754
12305
14789
12006
13639
14398
13087
12627
12650
13869
13156
12788
13110
13501
13800
13455
12627
14904
12650
13386
14996
12558
12650
13570
14513
12972
13317
15019
12926
14881
15042
13110
12880
14168
12466
11477
12305
12259
11523
12213
12673
12144
13708
12834
14467
12696
13593
12627
12535
13202
15663
13340
15134
12811
13409
12466
13156
13064
13225
13041
13593
13340
12811
13547
13317
13363
12742
13087
13087
15410
13156
15387
14260
13984
13248
14996
13708
12420
13961
13938
13156
13938
12811
13018
12627
13984
13409
12765
12650
12351
14490
12075
12834
