1386
1533
1239
1785
1512
1260
1491
1449
1197
1365
1512
1176
1596
1344
1827
1239
1617
1302
1113
1554
1302
1449
1617
1386
1638
1533
1764
1134
1428
1218
1428
1806
1575
1974
2226
1722
1365
1323
1302
1239
1533
1197
1239
1827
1491
1554
1533
1491
1197
1260
1344
1239
1533
1323
1386
1575
1491
1197
1281
1365
1365
1974
1806
1407
1407
1617
1449
1302
1491
1638
1449
1554
1239
1281
1323
1365
1281
1470
1302
1386
1407
1554
1512
1218
1386
1743
1428
1407
1722
1533
1491
1302
1722
1302
1890
1281
1386
1386
1449
1785
