13585
15485
13243
12521
12939
13547
14611
12939
13357
12198
16397
16758
12977
16112
13053
12939
14117
13129
11799
12236
11362
12635
12141
13509
17651
13281
11685
15048
12179
14117
13281
12654
13661
11913
17328
12122
13737
13642
11685
13148
11476
13623
12977
11096
12958
11761
13680
11077
11438
17670
13167
13585
11343
12692
10735
11837
12331
12084
12179
12977
13148
13091
11381
15219
13243
13661
13357
14231
11381
12407
13414
12920
12179
13490
12730
11666
11647
14459
13300
11989
11457
13870
13490
11894
13338
14364
13699
12540
13091
11913
14155
12844
13072
11951
11096
11989
11248
16226
12445
12977
