11781
14007
13797
11235
13083
12936
11760
12117
11151
13797
12537
12663
11781
13524
11823
12537
12621
13986
12936
11655
11004
12810
11676
11109
13608
12159
11907
12600
12789
11676
12810
11676
12705
13461
12663
12348
12684
14637
12411
12138
11823
11823
11739
14238
13146
12012
12537
14028
12495
10731
12495
13545
12096
12663
12768
13167
12222
13839
12222
11718
12642
13062
11991
12390
11403
14028
13503
13797
14091
11025
11739
11844
14028
12432
13734
12033
13503
12369
14742
13566
11844
13671
11760
13524
14490
14301
13041
13503
12537
11109
12768
10878
12915
12537
11928
13440
12558
12327
11214
12789
