11514
11856
11609
12635
13984
12198
14003
11210
11438
14231
13737
19133
13357
11951
13908
11590
12654
13509
12540
13946
12882
12426
11153
14763
11723
10925
14155
12331
12369
11419
12312
11020
11932
11799
11666
11476
13091
12768
12977
13471
12673
12464
12369
11533
13186
12502
13091
11267
13395
15352
13167
11628
12920
15162
12844
12331
12160
12730
12084
12027
13224
12483
13984
11989
11685
11780
12407
11096
14991
11932
11001
12483
12692
13946
12521
12464
13433
12445
14117
17366
10203
13015
11571
11666
11153
11780
15903
12293
11704
12901
12730
13015
14098
12065
12464
12787
12920
11742
12635
12103
