46962
18027
26325
24003
31932
28557
22491
42597
36738
25695
59499
24678
13383
44190
18387
23652
39744
15993
55989
27387
77616
19800
14283
16497
22419
36234
28008
19449
16821
18171
66690
15138
38619
47277
21717
15534
20520
15777
17820
34110
30501
60498
17919
63288
63027
41445
20637
52596
18324
27999
23823
14634
17811
29943
23562
11511
60165
28476
35532
33246
17604
32472
32229
15516
14796
14319
31680
31473
23319
22005
17811
23202
27540
22716
45081
33849
43560
20187
15831
16254
14508
25227
40059
24309
32994
43137
20088
30717
19161
22104
15435
58104
13221
47160
14067
14796
17226
35478
19818
35523
