14685
11460
11415
13530
15030
14355
15825
13755
12015
14010
12480
15420
14055
15840
13455
12900
15030
10635
14370
12675
14475
14445
12855
17955
11850
12435
12330
16185
11925
15975
14955
13530
13080
11730
13440
14130
15000
12510
15045
14235
11325
13830
11985
11565
14895
14520
13230
10515
13110
13140
11850
13770
13275
15450
14895
11970
15645
13440
13425
15900
12270
11265
14550
12480
12075
11565
12345
11070
13350
12120
13470
12180
14160
11655
13035
14535
12555
13020
12780
14790
15810
17445
12450
16545
10845
13860
17595
12045
11580
15720
11865
12330
13500
12360
11535
13890
14400
11700
10905
14160
