12753
11921
13676
14118
18083
12337
15509
14001
15652
11778
16770
17147
13052
12168
15431
11297
12467
13364
15327
13806
16653
14339
12259
12467
11531
13910
13000
12246
13637
11908
14924
11284
15821
12155
13975
13468
13585
14092
14976
17992
13143
13624
12974
20436
12649
14950
11479
13481
17719
18421
15886
11388
11557
12285
14677
15158
22451
15847
15002
15704
12779
13962
26611
19097
18616
15366
13286
16653
15197
15119
16042
12311
16653
13754
17901
13468
14469
15652
14079
14417
15457
20618
18070
12207
12298
17667
13039
14248
15067
15821
12896
11739
15756
14716
13702
17875
11401
14989
18395
15535
