105049
39431
367500
208572
168644
246358
410788
168595
221865
168994
76580
79947
28049
90153
234325
137599
59794
320138
19649
267162
675829
1107946
814856
50729
18690
87738
133259
824698
167888
237076
70462
145866
25053
242270
84931
221508
467754
520072
66822
107030
71869
75999
284907
525035
215775
197729
120778
142394
303275
886081
873656
92785
99771
275989
387884
18753
1529304
59234
268534
261793
583562
103859
310282
161406
141057
450695
51002
47425
984914
1177085
110257
280693
55454
1020138
18004
125867
173705
127519
67445
394030
215306
32935
826945
159341
633738
62321
359065
69615
1091874
678244
181958
366597
523964
124537
219709
557739
61313
217623
704893
163485
