29733
13585
17160
19206
19910
26015
14234
13761
16214
16456
12936
15257
11770
14971
13519
15455
20922
15147
18535
13508
13145
16192
20064
16016
16775
17776
19789
17028
18810
17512
12837
17721
15422
13321
12628
17391
16016
22220
16236
14597
16093
12914
13145
15235
17292
13310
27544
15763
14729
13079
17292
11495
24134
14366
14740
24508
16225
16654
14674
16049
13508
15708
17523
18315
18568
19041
13662
12870
14575
13860
15433
12925
19316
20735
13629
14586
16016
15301
17952
14575
19701
18271
17072
15257
21978
27148
16159
19976
12122
20163
17226
12969
16368
23727
19437
14993
12144
15543
18359
13332
