13485
12847
16269
14819
14123
15109
14935
14732
15370
13572
14210
14152
14239
15109
14529
14500
12383
14935
14007
14297
14819
13920
14964
13369
14558
13804
14007
15834
14152
13427
15080
14065
13311
15863
14355
14355
14239
13311
15776
15109
13079
13340
14587
13833
14935
13833
14355
14239
14529
14239
14674
13398
17313
14935
13978
15515
14268
13862
14442
13688
13659
14500
13079
14500
14964
14181
15486
14355
13717
14065
14790
17284
15341
15370
14964
15776
13659
15254
14442
14558
14268
15747
12644
14848
15776
15399
15399
13601
14703
14761
14355
14007
13978
16414
14007
14906
15660
15660
14239
13659
