14971
13453
12452
19591
19129
17644
12683
13684
13662
12573
13563
13860
12606
13662
12100
14234
15444
12969
11880
13387
13134
13486
13145
13827
12991
13805
15125
13387
20031
13596
11099
16401
13453
14300
13277
11605
14718
16544
16269
16225
16181
12738
13255
15290
12991
17413
14894
14234
14377
13343
16104
11913
13299
14157
12705
15323
15433
12287
12397
15411
11396
13937
19866
10868
17215
16214
13002
12529
12331
11638
12782
11396
14531
12595
13189
12617
11759
15752
13310
12562
19701
13299
11165
13563
12529
13684
13882
15950
15202
12188
12100
15103
15235
13200
12727
15510
11814
15411
14289
13266
