14971
13453
12452
19591
19129
17644
12683
13684
13662
12573
13596
13827
12606
12111
13629
14234
15433
12364
12474
13376
13134
13541
13134
13827
12991
13805
14179
14641
19811
13596
11099
16401
13255
12859
11759
14861
11132
11407
13552
18161
16181
12738
13255
15290
12991
13420
18832
13574
11594
10681
16104
11913
14927
17336
12342
14421
19426
16984
15763
15466
11396
12386
14322
12111
13783
14003
13013
11429
13046
12331
12782
11396
14531
10890
14949
12617
11748
11847
12386
14938
19327
13662
11165
13563
12529
13684
13805
15939
12056
11594
11759
13486
15697
14531
13915
14553
11814
15389
14289
13211
