11293
13110
12788
13156
13593
12144
12305
13041
12926
12098
13248
12627
13800
12190
14789
11868
12006
12788
15249
12857
13662
13179
14053
12742
12788
13639
13432
12742
12535
12052
13524
13478
13777
13041
14651
12190
14559
13593
11960
14490
14030
12995
12811
12213
15019
13708
11845
12420
12696
12328
12903
14513
12190
13892
12673
12650
11707
12949
12167
13593
12673
12696
11316
11914
14375
11914
12443
14743
12857
13432
13179
12696
12190
12834
13317
11983
14743
12558
11914
12374
11155
12512
11937
14053
13501
13087
12374
13409
12374
12788
13179
12903
13984
11891
12420
12535
13823
12443
12006
14559
