13785
12075
11280
13830
13320
12030
12660
11625
10485
9975
14070
12885
12060
12960
14415
12195
12900
12945
14160
12675
11805
10965
10995
11385
12720
11055
10320
11700
10050
11580
11940
13065
12435
14520
10185
13560
13050
12360
12555
12540
11310
12375
13275
11490
13320
10665
13215
13935
14610
12375
12765
11235
14670
11685
9660
13155
12300
11325
13485
13470
12270
11295
14340
11910
12405
11820
11610
11055
12375
12090
11850
12675
11895
12000
12105
11550
13530
10455
13710
12510
15825
17460
11895
11625
13905
10890
13155
13560
14925
11775
13335
10845
12975
12255
11325
12885
13890
12750
13575
12750
