13068
12636
13716
16389
13338
14769
13122
14796
14958
14094
14337
14580
12609
13257
13689
13041
15255
16227
13041
14472
14256
14337
13878
13986
13149
14391
13959
13662
14229
13095
14877
13203
14418
14715
14823
13284
13419
14931
14553
15876
12285
13203
15930
14202
14823
14283
14499
13716
15012
15147
14067
13095
14742
14364
14256
12528
16119
13689
16092
13986
12312
14364
13716
13743
13986
12123
14283
13095
13959
13959
16713
14499
13122
12852
16227
13905
14553
15147
14283
13635
13365
14067
14040
14445
13689
14256
14877
16335
13932
14229
15687
13770
14688
15282
12906
14391
14418
13284
13041
12015
