13100
13450
12750
13375
12950
12400
13750
11575
15500
14775
13500
14500
12800
16150
12800
13475
13900
12700
14350
12500
13600
13950
12625
12875
14700
11875
13475
12050
14350
14175
13350
13025
12650
13050
14100
12675
13800
15350
16050
16125
11775
13450
12900
13250
13975
13750
12925
12425
13700
13250
14775
13350
14200
13075
12425
13675
12375
13200
13250
14300
13800
12800
13475
15225
12750
12225
13600
13225
13625
12850
16475
13525
13000
15050
14725
13075
12175
12450
14425
12475
12950
16725
14300
13800
13300
13425
13025
12450
11850
12350
14900
13525
15100
14950
12450
14950
14675
12825
12400
13175
