14074
15159
13361
13950
15283
14446
13795
15593
14353
13733
14415
15903
14136
14477
13578
15717
15934
14880
15531
14601
14818
17329
14477
13454
14415
15190
16554
14787
14229
14601
14725
15314
14384
14694
14787
16554
16864
15283
14446
13702
13237
15128
15686
14136
15965
16120
17949
14756
13113
14198
15872
15655
15903
14601
14229
14167
14849
14012
14198
15376
15345
15345
16089
15128
14663
12989
15965
15500
14260
14694
18135
14849
15221
17670
15190
13888
15996
14570
15717
16647
14477
15252
14291
15593
15934
17484
15841
14942
12989
14167
14601
15810
14632
15469
15748
16430
14043
14353
14663
14942
