12852
15419
15691
11288
12189
12903
11781
12393
12835
11968
15997
12410
12597
10965
15368
14875
12308
13770
13226
13311
15844
12682
11594
13770
12954
11543
12002
11798
11713
12206
11288
13141
13141
12495
11050
13515
11764
16388
14280
11628
11866
11254
12342
13549
12002
14416
13821
12648
12903
15198
11186
12903
12155
11594
13175
13073
13923
12682
14025
13617
11407
11305
11866
12937
13974
11237
13090
12104
12019
15555
11526
11985
14110
11594
14977
12546
12886
13532
14059
11611
11645
12053
11594
13294
14858
13566
13124
13005
12478
12427
12002
11951
11934
13719
11849
12155
13464
12495
14093
13515
