11916
15111
16191
14760
23004
13338
13131
19944
12492
12843
17235
15498
16722
14679
20079
13374
12339
15309
14112
12672
15525
16452
16722
15642
13797
11340
15957
13086
16749
13185
14265
16299
14922
15777
14265
15021
15318
14778
13896
18234
15966
14607
15615
17136
16812
17244
14409
14913
19287
19044
14616
12258
13059
14229
12609
19377
17082
16083
15327
12285
15147
11736
17514
17712
16587
15345
13509
12339
15516
15030
16911
14517
16182
18243
21942
13725
20484
14328
19899
11376
14328
14265
14571
13500
18783
15606
11889
15147
15804
13212
13311
12825
15363
19431
12681
11970
16245
12366
15057
14319
