12636
13419
13284
13068
12096
13257
13473
13392
13824
12393
14310
13905
13851
13446
19062
12663
13662
12015
12609
13500
13743
14067
13257
13662
13608
15417
12798
14148
12798
13797
12771
12393
14526
16470
14310
13500
13149
12960
12204
12339
12528
14310
12960
12960
13419
14472
12798
13554
12879
13824
12771
12771
15471
13878
13824
13500
14688
14040
12825
14067
14823
15363
13392
14175
12987
12987
14634
14418
14499
13932
14013
15120
14256
14013
14094
13986
14256
13473
13149
13446
13851
13257
12501
15471
14283
13446
14040
14013
13527
14040
15525
14013
14310
13959
12771
14121
14364
13230
13635
13365
