13830
12000
11280
13800
11625
12435
12345
13515
10665
12165
13965
12885
12060
12120
10200
12585
11265
13560
10035
16305
11775
12930
10230
12615
12045
11895
12720
12045
14010
12195
10875
12765
12150
16305
10185
13485
14610
15255
12090
15180
12960
10725
11085
13365
11355
12255
11820
10545
13485
12525
12765
11655
11940
12180
12420
12240
12540
11370
13485
13440
12330
11145
14490
11910
13350
11985
13170
10605
11655
14310
11850
12675
12180
13320
11580
12150
11670
17640
15360
13005
15825
17460
13950
15255
12060
12615
15780
11175
12675
13560
11850
10485
14790
12255
10680
13170
11850
11460
11685
12345
