12636
13419
13581
16929
14013
13851
12582
13527
12744
13743
14310
13932
13851
13446
15336
12717
13392
13878
13041
14742
13743
12987
13122
13716
13662
13500
11691
13284
14904
14229
12771
12150
14850
13338
13959
13878
14337
12825
13446
13365
14202
15525
12474
13014
13014
15066
14526
13608
13203
15444
13770
13095
14796
13311
14310
12933
14391
14040
12798
13959
14823
13824
14715
13689
12987
13257
13878
12933
14283
13230
13068
13608
13743
14985
13419
14418
12852
14472
13959
13635
13986
14553
13203
14013
13392
13446
13041
13284
13554
13473
15525
14013
14688
13500
12663
14094
13635
13662
13446
14175
