1273
1330
1159
1539
1596
1976
1482
1444
1387
1596
1501
1957
1292
1425
1064
1064
1615
1330
1368
1710
1615
1311
1197
1330
1425
1444
1254
1349
1349
1178
1615
1311
1254
1254
1026
2242
1178
1425
1102
1159
1121
1273
1159
1007
1083
1824
1197
1444
1425
1349
1463
1520
1140
1596
1121
1349
1254
1330
1292
1216
1444
1273
1216
1444
1140
1254
1558
1349
1349
1178
1064
1558
1311
1729
1482
1273
1558
1045
1216
1406
1178
1406
1463
1311
1691
1197
1311
1064
1501
1501
1273
1748
1748
1292
1558
1539
1254
1406
1235
1216
