1575
1918
1491
2107
4515
1799
1610
1456
1855
1533
2345
1386
1526
2121
1533
4480
1869
1960
2765
2086
1400
4060
1358
2814
1883
2429
1911
1386
1715
2786
2128
1561
2898
1561
3549
1484
1757
1596
1862
1134
1904
2226
1218
1918
1834
2002
2128
1953
1393
1764
2261
1491
1561
1848
1666
2044
2716
2345
2534
2296
1316
2835
1442
2324
1722
1127
1610
3528
2037
1463
2016
2996
2933
1491
2408
2583
1603
2807
1428
2016
1393
1512
1925
1932
1694
1099
2562
2023
1260
1568
2961
1099
1876
1771
1680
2555
1645
2702
1169
2044
