11916
15111
18441
16758
19386
12708
13131
22671
11439
17775
20727
15048
19089
14247
15030
13374
13590
17271
13302
14292
21762
14463
13797
14166
13329
11817
15957
13086
16749
13185
14265
17280
13878
16713
15318
14022
14409
14778
18882
17946
16695
13878
15615
18189
15795
17244
14409
14913
19323
19044
14616
12258
13059
14472
16596
15219
18621
14517
16155
14895
15147
11736
22428
14508
14823
15849
12969
12339
15516
15030
16911
14517
16200
18225
21978
13779
18315
16776
20871
20214
14328
16146
14670
15093
15210
15606
11889
15147
15804
13212
13311
12825
15363
19431
12681
11970
16245
21546
17586
15732
