12925
13875
12775
13300
14525
13300
12225
13425
12725
13925
13050
13825
14250
15700
12925
14475
12800
12300
16675
14450
12550
14125
14250
14775
13450
13000
12850
13125
13125
14775
13425
13800
14775
13450
14100
14050
12475
15100
13125
15650
11825
13600
13500
12600
13825
14000
13050
12475
13300
13725
14475
13250
13200
13600
12300
12600
12600
14275
12700
13900
13950
12900
13275
13275
14025
13625
13325
14100
13575
13075
16475
13525
14400
13025
13475
14450
13625
13075
14200
12700
12400
14600
13950
14400
15225
13450
14525
13700
12525
13950
15100
12050
13200
14775
12325
13550
14050
12600
14325
12375
