11453
14846
12181
12116
14937
13520
11895
12168
12064
12441
15652
11401
12246
14027
13208
12051
12194
14924
10465
13221
13650
12597
11960
14105
11687
12012
15249
12402
13975
15574
11895
13039
10569
15743
14469
11908
12883
12922
10608
14170
12532
13416
13637
12103
11960
12545
11752
12155
12532
13975
12025
11882
14677
12740
13611
13026
11440
14365
11895
16653
11362
13312
11440
13247
13091
12441
10738
12220
12025
11765
16016
12961
15951
14131
12883
11687
11973
12584
11635
13026
13065
12753
15366
13260
12194
10335
14547
13793
14118
11024
11908
12714
13338
11505
14508
13780
10595
12454
12935
11986
