13857
14694
14105
15717
13795
14167
14880
14322
14198
13423
14415
14384
14260
14477
14725
15469
13671
14012
12958
15872
13516
13826
14229
13795
15500
14105
15500
15562
12617
15283
14353
12617
14229
15035
13857
13640
13547
14012
14012
14446
13175
13175
14291
14942
14911
14198
13950
15221
15190
14508
16058
15314
14849
15159
14477
14353
14260
14725
14167
14694
13919
14415
14973
15097
14787
14105
15903
14291
14353
15810
14105
14260
13764
13020
14725
14322
13733
15159
13702
15965
13175
14353
14849
13981
13485
13578
14880
15686
15531
12989
14384
14880
13175
14229
14260
16337
13361
14353
14880
13702
