217728
181962
89712
113994
106425
261819
360378
543402
201978
134343
631935
899163
460431
515079
216495
160416
59004
187407
102582
217791
94014
340965
418050
497106
289683
759150
71307
181134
354906
554634
155115
234369
177363
1084203
290592
150858
77949
57267
62208
153045
86922
549990
630783
525231
425907
404748
39915
1115928
92799
359379
349938
378171
396486
149094
116289
174132
350433
345339
583578
241695
333621
290862
183987
129420
80910
265401
475542
85491
235305
160902
29961
196092
154467
94032
43011
655911
63108
258165
289521
564894
107775
309888
322812
182826
856521
487008
73134
109584
165429
463824
84114
141903
581589
248634
228411
402939
144351
324459
154764
218700
