20160
27013
24031
30394
14840
26992
13671
84203
22421
21077
19684
57134
16534
16975
31164
24934
20433
64869
12229
8764
30723
14350
29155
21525
12096
28847
17605
20258
26040
13720
29701
10836
28840
12425
62629
49644
16072
61138
16016
23562
19649
52619
17591
17479
27111
44891
21007
24122
15071
25676
31745
16051
32914
16149
17759
29554
16583
38962
26915
38528
12558
19068
13013
13300
28805
34286
15778
30562
30023
14966
24871
31409
30212
37506
19236
25291
20111
53585
25592
28665
18165
31353
10262
22127
30359
29617
26635
30324
13377
14938
28063
29694
13650
25683
11270
14364
12215
27797
16415
22904
