1719765
1194318
1726362
2582298
3701880
964179
1193283
2549385
961704
1020591
1380951
780579
1896678
1684926
1404234
1026072
852912
2204127
2112354
1005696
925785
1016982
1038141
1816002
863820
1698714
2309580
2094363
1075788
1340145
1135683
2459745
1313937
1294839
1571031
1067814
1216152
1320714
2326104
1036197
1922985
1478520
552708
1113921
1661328
1023651
1552824
1315629
1146942
1135962
999855
1483272
1231173
853884
2628306
1023714
1174770
894789
1691289
1257327
1849626
1339047
1192248
1165392
1482885
965556
1012671
1714743
1742184
1108359
1063575
1686042
1723941
2424375
1569969
1958778
1721439
1999836
1080441
1383606
2402613
1370952
1444617
871920
1348992
1018062
1114065
1200888
1820520
1660518
1159884
1503873
1713618
1136349
1874376
1749006
1360944
1586331
1511037
1200906
