112140
94020
87125
151235
75760
166350
152585
106340
114165
136540
170925
143285
102620
260725
96325
120625
133805
343885
83085
86360
227990
189500
334005
94860
233595
66415
427165
123920
154035
171595
64795
156985
74845
160135
87565
86860
60475
136540
124020
144610
101830
114410
137800
147055
98790
82230
142275
83070
104530
83895
79440
132180
102715
121155
53350
81800
119670
374930
117905
93790
102405
90015
76115
74390
236990
132085
217160
181900
53050
107850
274735
97955
173250
102445
90645
94255
55000
103755
70370
60120
120275
132015
106575
387075
192700
63955
123900
226190
94625
105260
159090
150870
392405
87165
273605
163545
78285
146015
124225
85930
