304325
454041
295134
415233
238154
289310
825545
286062
218848
389620
223923
236117
244531
431053
424193
440909
423717
383782
269507
326207
290157
347312
446180
307860
273420
383187
356132
323953
472773
439929
183099
280273
393169
225547
432663
256879
268086
240114
467733
279559
363909
422884
332815
419461
405251
293776
358071
337113
257670
293111
362446
411124
336707
210224
287070
419580
554498
444451
383922
324646
312858
205891
352233
285425
263991
265755
289660
304409
597723
361116
264453
492499
383152
203791
206507
271537
371280
310485
277151
275926
329063
279447
259280
631631
350231
276143
417151
330302
410879
170940
282366
380772
322693
284389
515298
283822
390495
314202
426769
221788
