14784
94768
24856
3508
48886
3192
15748
11386
13272
34576
2532
70572
32348
269390
68982
25520
96346
18450
1654
28388
50466
20126
7534
33424
8494
54498
39770
11748
40852
46526
8482
12704
120830
26638
142532
21524
25616
54696
45362
30948
70690
1214
45588
15630
21598
52746
17508
19672
17696
64430
29870
11950
16212
82736
39820
12718
54232
21170
92634
8172
3786
86250
46500
21620
21584
37494
88986
33056
105026
51116
51686
44672
25220
47978
15138
49174
8890
64752
135814
15592
4360
29568
48158
11896
40488
85806
120314
19090
35470
9896
14678
39588
10262
191508
47862
18516
3614
20382
37290
84846
