267435
246134
259966
280518
254674
262675
293279
266560
224700
235515
284102
257250
285929
251615
289100
250271
294854
254268
211456
288876
246631
274568
252245
232841
242585
259007
243880
269570
288827
256592
275100
245742
230986
262885
269892
252014
284431
290927
305340
294574
238938
274918
251195
242480
234150
271376
233835
253127
284025
243502
253428
262675
256508
240828
301742
273056
267470
283143
273945
223426
217721
285040
293587
265328
280917
240373
327152
287889
293972
279727
312291
232148
255234
229467
277200
288701
269899
257341
291452
256333
246806
281673
270788
236313
300384
266322
243229
255521
296842
273917
266791
267582
244545
266014
281876
260757
265573
284144
327670
266322
