243156
250171
244789
256910
223560
219949
232829
210059
290559
250907
250838
215740
244674
231472
237084
236440
217741
244421
223054
216683
257508
210312
264845
236831
256956
233496
272964
243271
251551
210565
224089
221329
216890
242397
238809
251643
257876
239729
228022
230575
221950
217764
251252
243455
238464
254679
218040
227125
223330
252333
248101
256381
249389
233473
254702
236302
232415
255438
268295
256657
227562
224917
265006
266179
252126
267536
240465
235313
223790
198122
233588
237153
230345
244398
258543
214820
213946
241132
256036
238165
223767
237613
265742
256795
217166
229747
265558
246353
227263
256082
237958
237728
255967
225492
258359
248699
217511
223238
204815
239223
