4960
15490
7652
3964
15584
52272
30542
28658
19182
23938
9442
8558
7610
49480
42762
5332
7148
3890
12656
23802
23016
29860
13688
96292
49414
12146
6740
18828
12214
19962
1534
9102
38434
24400
2560
13198
2906
24074
59914
6526
5482
652
41718
6822
29928
17504
16632
5710
51530
10088
2372
29978
8224
22818
11884
39736
21594
21780
27042
2970
27682
1014
4118
23734
13738
9186
1696
4124
66624
11618
39006
9924
3868
7126
8428
13394
1714
4940
45696
48494
28576
11218
17986
22112
896
16876
2948
13274
4984
932
52074
29206
4308
167796
5752
6610
21966
30008
3980
14652
