64629
74562
67596
61662
73401
64887
73917
67467
63984
91590
56760
65016
67854
57018
66177
64758
60630
65661
71079
71466
73788
66306
56115
65145
63468
65790
76497
62952
72111
54051
70176
70563
67854
92493
65016
76239
71595
71079
64887
64500
66177
77142
70950
64887
75207
85398
86301
76239
66435
56502
78303
64113
57147
70176
59598
63726
73014
60630
72627
69660
66951
77142
61146
57663
77142
75723
69789
59082
66951
78174
67467
78948
76497
74949
63210
73014
60759
58050
66564
68757
63984
60114
55857
64500
63081
75465
56760
67209
61662
70176
71853
75594
70176
71208
61662
60759
55212
74175
76497
72627
