7505
8535
6920
3045
3740
11895
4770
14200
10225
7905
11815
4060
6845
9630
20430
5070
3965
4625
7265
9585
9250
5375
7470
21920
6590
7360
3665
16280
3140
21520
5580
3960
5275
3500
14500
21540
13385
9765
26590
3245
12560
18315
14920
4945
19215
6145
5870
12515
15690
5030
15925
6895
6755
7770
12775
3820
14440
10440
7080
11520
5475
6700
5165
11580
6215
4120
4535
6400
16010
11365
17180
4745
3080
7360
8350
5960
5220
12650
3690
5270
4620
5785
4455
3405
13255
7980
6715
11090
3540
7105
10870
13180
8755
5715
3015
9935
4315
5995
3770
18540
