19955
13650
16705
16380
12155
15405
16445
16965
14625
16445
17615
17160
15600
20345
19760
18655
15340
15925
13520
15600
18395
12675
16185
15925
16380
18850
17030
16185
21125
14690
17420
18785
19825
10270
17550
18525
16705
11505
18590
14755
17030
19110
14040
20930
20280
14755
14690
19370
19955
15340
15275
19435
13650
16575
18720
14755
18460
13260
12350
16640
17095
14365
16575
14040
22295
13650
18330
17290
17875
17615
14755
14625
16770
15990
15665
16185
14625
16835
18265
15600
17030
16705
15470
12220
19370
18200
14950
16965
20540
17940
15015
14560
19370
16770
16770
17420
16510
16640
21190
17030
