50303
51952
66555
52530
60401
60843
65025
53822
57188
63801
55879
66283
57664
65399
66368
56202
67728
71672
61370
59449
56100
48994
67660
66351
74443
61931
58429
63019
77027
63767
65280
52428
58599
58548
58463
52326
61115
58463
68187
59823
68051
66827
61642
57103
57307
70414
62679
65450
58956
58650
61523
47209
69802
63478
61540
64107
57103
54060
73576
68969
78506
58191
57001
67983
60758
73015
53873
49555
66147
64430
62509
65773
57256
54366
58480
55794
54842
65858
63971
54247
67099
56814
48858
58038
59041
76925
49351
64889
49589
65552
55522
65399
58973
68340
61166
61336
57681
72097
64940
54230
