3085
3705
5330
4480
4535
3615
3130
3780
6035
2820
3240
6260
5060
4755
4165
3905
4440
4015
5150
3660
5590
2945
2950
2405
5060
3955
2875
3660
4700
5110
4190
4420
7215
3850
4685
4620
5895
6745
3660
5340
4230
5130
4125
4775
4185
3360
4655
5210
3465
6310
5920
3815
4785
5910
4145
4455
5725
5190
4325
5145
5600
3665
3500
3010
4815
6200
5435
3815
3740
3185
4745
3965
4390
4995
4330
5150
4965
4080
4040
4470
2985
4160
4180
4060
3840
3650
5330
4310
3945
4190
4985
3350
5230
6650
3930
3020
4070
2960
3340
4315
