7326
15774
5049
11385
9867
13959
10758
34815
8910
7623
5610
12045
7095
5973
10791
6732
16896
22770
11979
6138
10296
32901
6468
8316
11484
8844
11748
14751
13662
5511
8745
30822
13629
7062
6204
13662
5742
12474
7392
24387
10032
6567
12507
16401
9306
8712
11451
17094
6369
5214
9042
11781
19206
9834
9570
11220
7062
6336
20130
31614
12078
6930
6303
25014
7128
16830
7227
17226
11385
16599
9966
9240
28215
9009
14190
10164
15180
8415
10659
7722
5973
5247
12276
9339
17358
7887
3960
6996
8217
6501
8151
12309
26499
15411
12408
7095
6600
6633
17391
13068
