16908
15960
16416
16368
13416
14424
19944
12132
14328
12636
19092
14724
17052
18432
11796
16896
18732
13608
15420
15648
13404
12912
15144
15048
16368
16128
11316
17796
15696
15336
15060
13620
17280
15816
18936
12288
17208
14172
14352
18108
17904
10644
12912
13692
19656
19176
16080
12420
12972
18696
15120
14448
19452
9888
14136
17568
18708
14784
15816
15996
16128
16464
13584
11724
12072
15540
13464
15648
16356
17760
14268
14724
13548
15996
16332
20412
17424
20496
16260
16308
16968
19404
15288
13344
24048
13404
19800
19116
15504
13836
19320
19740
17400
15144
13800
19416
15108
15792
14472
16200
