17700
16410
23600
22480
17545
18995
10595
18645
12255
14715
21555
16335
20250
11700
23485
17925
17730
20270
16070
22310
15800
13315
20740
13920
17310
19060
20675
23620
13020
18950
18720
13890
16625
16170
16350
13880
17775
20385
14035
16460
14825
20925
19495
15830
16205
20540
18995
15570
12785
14805
18580
19375
18225
13705
19820
13395
16025
20260
19895
18990
15315
19900
15215
16645
19490
16510
11565
16515
13880
19250
17775
14745
19155
20835
16930
18180
15335
18625
19855
20675
16080
18620
17915
14680
18160
17125
13415
15970
22150
20925
20650
17370
16400
23530
19055
17195
15905
23230
19225
18140
