908061
919314
938850
944526
883509
968814
906081
819885
929775
1069398
917004
963930
898491
893409
845493
956340
937167
973797
933141
1026267
960498
950697
875589
974391
900075
923043
955548
916806
912648
977856
903606
926277
939675
873345
913143
874500
861960
940137
886479
913275
994290
937827
959706
927729
888294
933240
915651
877371
947232
938652
989901
1002837
960300
826122
930567
969870
906708
936210
880209
997425
863181
795465
972312
852324
940170
861333
913539
938289
925023
845460
902022
910239
984522
909744
846483
825132
804639
996039
918621
863973
888888
1004949
898491
986205
863247
892452
980331
962346
919281
863874
919875
1019172
1024782
1009701
861432
902451
923373
919248
939378
892023
