17290
16380
15340
19565
19565
19500
19045
18395
21320
15145
15600
15145
14365
19890
16445
18005
16315
17550
13520
18915
15080
12480
17095
17355
22295
20345
21060
16900
14430
14690
20150
15535
22035
15535
19175
21125
16120
18070
15535
18005
15600
16640
18135
16185
14625
17420
15405
18980
16835
13260
13910
17680
14235
13065
16250
16835
14040
18070
19760
21710
19435
17940
13390
20540
16575
14170
15210
20930
15860
19760
14170
13390
12155
22035
17225
16770
21125
17225
14560
19045
15145
20540
15405
18200
16965
16575
19370
17290
17420
15730
16445
19045
19305
15340
15275
20150
15860
19435
19500
20215
