4779
6534
5130
4599
4158
3573
4860
4869
3906
4626
2475
4176
3690
3159
3555
4959
3888
3897
3744
5004
5418
3249
3609
3618
3789
6642
6768
10863
5337
3717
6417
4851
4284
6237
4482
5229
2790
2844
8712
7884
6390
3078
5409
3474
3492
3744
2583
8694
3411
3780
3744
2871
3123
6021
6165
4140
4140
3528
2961
4050
5571
3258
3285
3771
3825
4698
4311
4059
4410
2844
3816
4023
9279
3087
5535
4176
4662
3294
2529
3600
3321
3843
4329
3402
3213
3258
5094
4095
9414
4275
3564
5283
5301
4410
4689
2862
3510
5193
4095
5661
