215855
495397
271124
244651
347783
255921
278990
244628
231886
332534
482770
241960
264569
489049
246399
301300
416024
239844
279266
497513
546549
244559
224940
254633
243915
332902
277656
234416
234531
419198
365792
238257
216959
359582
239729
387366
259923
229195
265259
233174
286051
349646
271906
273033
319608
384445
229333
317952
307510
241983
277219
246376
457746
277265
269445
296079
250539
326508
680409
229264
245962
228482
246008
472857
677005
258313
257876
289294
230161
575874
350359
280370
224825
223215
252908
316158
355212
251620
241845
296953
382375
271768
681329
258566
221099
243961
247664
228459
547239
318964
240925
256841
384169
315353
288857
319930
248883
254564
240235
424097
