5559
6672
7386
7047
5076
6684
7629
6057
7323
5868
4824
3402
5325
4611
6699
5664
5940
7848
4683
7311
4905
5640
6591
4971
4194
4677
6003
5112
4680
4818
5991
4734
4833
4311
5679
4674
6234
5634
4086
2463
4461
4176
5061
5799
5004
5244
7413
5670
5097
3672
5529
4008
6594
6213
6348
5772
5157
5469
4593
3753
3456
4782
3819
5625
5703
4617
6186
5226
5052
4797
5238
6399
5616
6393
4443
6063
4545
4362
5100
7053
4893
6120
4143
3921
5235
7590
5154
5148
5358
4758
3777
4653
4320
6969
3957
3594
6132
6579
5157
6459
