60572
244428
6586
4396
106128
282162
74622
9056
53100
24712
183806
3882
379202
82256
132088
64980
27170
64478
169188
92144
754008
118962
55428
212888
14382
26958
261590
40398
144782
153576
222976
202556
75700
549768
11588
344954
19934
30300
59986
18056
121022
159406
222160
1498
69352
20414
161754
86362
53116
119054
213614
62404
179770
12864
1708
93844
106816
18110
177136
30794
447540
190324
315966
64754
114928
41012
79490
31560
176408
87710
61244
30868
172534
68668
63450
135946
82168
30312
67662
198162
267108
108080
137764
13400
131244
32546
23046
16226
96958
125062
39508
3516
186696
49068
11080
139856
39684
89014
49582
124882
