64887
59856
71208
71337
66306
82947
59082
61791
59856
70047
72369
71208
66951
57147
77142
59598
72498
61533
73272
67080
70047
61017
67467
60114
67467
66048
58953
62049
66306
57921
64887
68241
67983
63597
68886
63081
62694
76497
65016
67725
75852
58566
63726
67338
64113
75465
73143
67467
68112
74562
65661
64758
55599
57276
63210
52374
69402
62049
67467
58695
61920
77142
66177
61146
65145
57147
67338
61146
62952
77400
62049
70563
64887
66822
72111
54696
64500
79464
60888
63984
60501
65919
71724
68499
66693
64629
72369
69531
69660
63339
67983
68499
62307
70176
63339
54954
69273
63984
54696
62565
