239781
250061
270107
243636
216394
252631
235155
217422
268565
234384
248519
229501
264453
248262
276018
282957
269079
256743
249033
253916
256229
278331
278588
244921
245178
262140
245435
249290
260598
241323
230786
286812
251089
274476
251346
283214
270107
234127
254687
291952
273962
238753
229501
240038
284499
260341
224618
242865
259827
238496
244407
270878
261369
262397
254430
266509
267023
246463
242865
292723
276789
251860
239010
246720
302232
285013
295807
275247
277046
249547
228216
236440
249033
248519
277560
277560
266252
259313
268565
285527
244150
251346
263168
291695
243893
263425
247748
222562
271135
273705
283985
230272
280130
256486
260341
268308
278074
235155
238496
250318
