17778
41706
79710
277698
36870
105060
84798
19578
23226
300732
787476
83238
163272
22626
90072
251778
214770
18294
11016
108882
407094
18672
107082
101820
45330
18894
56094
71670
159054
94800
45618
77850
78936
321264
20544
2970
117834
68490
25092
152808
340818
367722
123384
231288
645642
183396
210888
12186
77154
27516
96276
111366
3126
136122
97098
37758
165924
259032
53208
93240
52986
17784
789396
29184
24150
65508
12006
174036
75258
222270
42582
304476
98916
96222
48894
615930
76554
206394
1776
11370
487212
231462
65790
354186
117612
7746
246864
39840
15936
61332
145482
40368
6930
12204
154452
122070
104712
296130
71796
172218
