24276
17793
21747
20511
21174
28632
26088
22113
23739
18921
22197
21237
23568
27045
22857
22836
19299
13974
21729
17424
19614
16761
20718
31923
18138
21333
21621
21039
15663
23649
18414
21588
24540
21612
18009
15504
20442
20073
28059
23928
16617
21708
21222
14499
25926
15141
14607
20805
19935
22155
28338
23154
17466
21885
22905
22713
23814
19908
24036
21246
19506
15321
18303
28518
21402
23034
22230
14379
20106
18771
21807
27447
20943
21207
14526
17544
23211
20025
18915
18162
25383
18321
21012
26802
21720
22272
15249
17502
19956
17883
20673
20844
20109
24126
19704
17988
18729
17856
17286
23979
