4491
4419
3915
3762
5724
5850
2601
2763
5121
5571
2475
4455
3339
5067
4950
5247
3951
3123
5832
4239
4437
4158
7191
5670
4896
4797
4797
4473
3699
3123
4968
4743
5976
4383
4860
4446
2916
5535
2376
4797
5049
4203
3843
5814
6237
3672
4797
5265
4617
3105
3321
6624
3789
6048
2079
3222
3501
6102
3177
4068
5067
3663
3474
3906
3771
3924
4968
4581
5571
4599
4248
3906
5652
3483
7047
3231
6174
5463
4833
4815
4572
3888
3672
4833
2583
3456
5733
3771
3798
2889
5598
5787
4329
3942
3645
3969
4752
4626
4338
4032
