3564
4620
5148
3927
2475
3465
4125
4356
4257
3894
2343
4653
3366
5016
3597
3135
4983
3993
2574
4983
2904
3498
3663
2739
4125
4389
5148
3861
5775
3993
3399
3498
4719
5280
6369
2409
4356
6006
2970
4785
4587
3663
3696
4455
6435
3663
2904
2574
4686
3333
3564
3729
2541
4983
2574
3960
3993
5940
3663
3828
5775
3960
3036
3861
4917
5148
4488
4455
4917
4455
3894
3498
4851
4653
3663
3861
4389
5049
3333
4389
2640
3795
1914
3399
4125
4224
4455
3333
4554
4026
4257
4950
5940
4323
2970
4422
4818
4257
3729
4323
