260855
252888
298377
300690
271906
285527
232328
292466
267537
288611
290410
286555
267023
252631
261883
282957
263168
264453
260341
246720
270107
258028
289382
271135
289125
275761
271649
255458
266766
281415
260084
264453
244664
259056
253145
270364
248776
298634
282186
263939
276789
275504
270107
295036
280130
301718
260084
311741
300433
302489
255972
251860
283985
242865
314568
336156
262654
263425
267537
263939
290410
279616
287069
249804
254944
259313
267537
268822
249290
279102
254687
280130
259827
263682
298891
290667
282700
268565
278331
280901
242351
253402
246463
265224
282957
284756
248519
277560
245692
240809
268051
237725
304802
260855
245692
287326
278074
282186
277303
266509
