269850
270107
274733
244407
261112
247234
251860
253402
219221
276789
276532
280901
293751
253659
256743
240038
270364
264453
288611
246463
239267
254944
235155
223333
293751
282700
228987
246720
257000
233099
255715
259313
251346
224104
253916
296578
238239
282700
250832
247748
254687
257771
276532
259313
263425
250318
266252
279102
230272
273191
281158
255972
249547
255201
277046
247234
281415
268822
262140
254430
293494
259570
256229
295036
236183
252631
269336
269850
270621
222305
255972
230786
268051
261112
246720
228730
284499
271649
279616
320479
276532
275761
268822
204315
292466
263168
283214
270107
238239
248776
301204
255715
258028
228987
252631
276532
280644
252631
228473
250318
