3600
3978
4716
5706
5346
6201
4518
4410
3681
4725
2529
4014
5499
3996
4401
4590
4860
4095
4185
4464
3069
3105
4779
4131
4356
2862
4212
3492
3438
3942
4113
2475
4698
5409
4581
3915
3357
4338
3834
4059
2259
3123
5301
3123
3348
4518
4419
4500
3636
3591
3573
2817
3420
4194
4437
3114
4914
4590
4167
4860
5661
4581
3816
3618
4698
3789
5193
4518
3456
2718
3429
4338
5562
3483
3420
5688
3996
3501
5202
4149
4707
4788
5391
3798
3843
3384
3528
3213
4194
2403
2241
4455
3609
4635
3951
3753
4329
3843
3465
2898
