1045494
1074735
1033695
1081917
1061397
1056780
1105515
1112697
1082430
1002915
1113210
1114749
1060371
1088073
1004454
893646
967518
1043955
1006506
1094229
983934
1128600
996759
994194
1013175
994194
975213
1146042
1039851
874152
1071657
1038312
1226583
1104489
1012662
1046007
1107567
1074222
1102437
997272
1069605
998298
1028565
984447
1059858
1039338
1028052
1012662
1111158
1048572
1057293
897750
1069092
1001376
1077813
1074222
1002915
1041903
1044468
1182978
1009584
1021896
1001889
997272
988038
1047033
1071657
959310
1094742
1094742
1133730
1116288
1039851
1024974
961362
1075761
1019844
979830
1040877
1013175
1018818
982908
1010610
920835
1126548
1038312
990090
1074735
1127574
1005480
1111671
948024
1009071
1038825
1078326
1132191
1017792
1080891
1058319
1058319
