65416
71145
65399
54553
112625
59534
55505
57205
53720
51034
58395
62050
57698
47855
59551
94877
47345
70822
57596
56559
56916
63291
72437
68221
62271
97682
59704
84269
67031
71043
62917
61234
64515
68833
68272
78625
63614
73474
63852
63342
63478
59976
53737
55879
73848
65637
70023
65892
57715
69632
61285
53431
60129
87380
75055
58956
56831
65586
59075
82977
53448
57562
66436
53533
55522
61132
55046
56899
61047
128214
136340
66232
72437
58378
55131
62390
53975
59211
54264
53210
60129
62118
55947
78778
46971
60554
49198
55573
65127
64855
63784
53040
71281
59160
65637
54400
54621
41157
48161
65688
