4323
4290
4125
4422
4356
5742
4983
4158
3399
4323
3927
4950
5478
3201
5412
4851
4158
5412
3597
4884
3333
3828
4356
3168
3465
4521
6336
4224
4092
3960
3663
3663
4389
4059
4983
3267
4422
4422
2574
4686
4422
4125
4554
4521
4158
4554
3531
5115
3993
4257
3597
7326
4290
1947
3762
5280
4059
3762
3993
4719
4686
5247
5247
2838
3597
3894
4917
3663
3762
3630
4059
4257
4851
3696
3927
5478
4719
3729
4818
3597
3432
3894
4125
4389
4851
6171
3267
4785
4191
3795
4257
4851
5049
6732
4389
4455
4455
3300
3696
3696
