144356
4740848
646972
1007136
846852
2665516
32820
2978020
1602580
1018856
735028
56760
131988
174188
461348
3847376
1608772
1456296
727732
1190056
506676
1161496
3990316
22080
406500
765592
321432
4852468
1320736
858328
3000380
608708
2181092
1381168
5497676
3471800
1535116
2062492
2430928
2112120
9208016
1696856
4025316
632764
1688584
1540904
968812
3591396
191952
387220
506716
1405956
2284752
21240
441700
2538636
16834880
1913252
6088964
429292
2781964
6160636
1841576
4804584
101732
8966996
464116
1926988
5741724
5121164
3384968
1641612
1343096
1265388
76460
2779688
1302152
2273920
4992296
501680
1494704
1185776
3517952
1372640
1710420
56588
215448
531588
165264
5323504
5251564
9644840
2293488
1633776
1706348
464484
1090184
3927236
2786496
275532
