74622
71586
69534
69240
66342
66444
86130
62988
72708
63786
58014
77898
66882
66750
69444
73788
71970
67434
56994
68562
85074
71706
68028
62208
69240
71094
77586
79338
60948
73632
73236
65982
60366
72012
65376
67488
76416
75042
68010
63450
65412
70728
65418
62100
74040
54576
75948
67680
73518
59586
77970
67308
62220
67944
70734
63876
68052
63852
52200
65580
67710
65424
75846
66192
66630
68196
64356
64176
62784
65016
77298
73392
71178
66636
60492
70386
60750
60354
67806
81804
84732
86892
59256
63348
69900
68562
68892
72966
62376
77892
71730
73254
62508
77136
48672
86358
79536
58914
70950
61188
