120840
1435152
72069
223113
965703
465519
383850
457200
226689
274353
531948
218868
126162
286446
326721
926538
8982
1117032
587190
224175
393315
669954
18690
38586
1079868
195243
1511976
122940
102441
683790
31440
120051
1353141
390405
478671
575064
1051866
139374
312636
1139130
193230
99387
624105
516825
165876
131820
555126
459420
1013148
989832
104520
891213
235554
128601
29985
92706
181308
90501
57987
36165
569757
1088673
60531
310497
1724997
119274
31395
59268
44241
42360
2869992
512280
401241
34113
47748
503784
733665
539847
862125
486921
235170
734901
360579
110340
24891
9327
285207
118044
895545
547317
596253
314106
119289
765228
744330
500274
417360
438243
98655
95097
