65403
69273
64500
73014
62307
62823
71982
57663
79335
59985
61533
71466
66177
72111
68628
65016
73401
71079
65016
56373
70950
67080
66177
59727
54438
51987
68370
71337
69273
66951
75852
61146
70305
66822
63468
57792
65661
61404
59211
58824
64500
69015
65274
70047
70692
56115
61017
47859
64242
72885
65532
59469
63210
66435
74949
67467
63339
71466
66822
63726
65661
61404
80883
55857
56502
73143
55083
64242
62694
70563
70434
80109
69273
82044
63984
69402
67983
76626
66177
65016
57792
66435
59598
70047
76110
62952
67338
62049
66951
66306
67983
70692
70563
56373
61662
56631
71208
65403
52374
56115
