18408
16236
19692
15060
11868
16572
15228
11148
13032
20532
16512
9708
16920
17172
14412
17760
13692
26832
17052
15144
16752
14820
10356
30060
15564
13128
21984
12492
19044
15864
10380
19464
14880
11796
16068
20472
31800
14784
23448
18768
17184
16404
18228
18612
18024
21708
15648
13608
14772
13272
25368
19032
18444
20928
14472
21144
17148
24528
17808
14652
14700
17088
13620
18432
17616
15612
18024
15492
17436
16476
13116
17208
16428
14736
10608
13020
15036
16776
21960
17700
16704
17136
16128
17904
14340
16944
13776
19356
14424
20976
20040
16752
15372
16992
18048
33576
18660
13728
16188
23760
