54587
60707
88621
53924
155907
69343
57477
60197
84626
63155
78710
53550
88893
61115
91528
69258
56440
57477
61404
60231
73695
61098
83402
67524
66130
56933
56746
61319
70992
64821
70669
54298
62424
66742
72845
65433
59415
63393
60316
61098
59262
55692
73610
55930
58038
64141
71995
71893
51544
59908
62254
66164
83436
74341
71366
62373
139927
97444
62679
59721
53176
60418
102187
66402
138261
76347
54638
65059
45951
56457
62135
57936
61710
58276
54060
97784
71910
60724
64549
114478
68340
62101
60010
60197
107610
73763
67286
161942
61217
74035
70074
58463
201110
63206
66096
73287
66487
57783
63444
74868
