15145
15340
11375
15535
24505
20670
15405
16575
19305
19435
16380
20605
14950
16575
18070
12545
16705
16835
20280
15600
14365
20475
16965
20215
23075
14430
16705
15990
15730
14755
15145
17355
15015
16055
13845
18135
12740
18915
11635
13715
15470
15860
15015
14235
16315
16380
20605
17160
17615
19110
15730
16510
16705
13975
21320
13975
20670
17030
14495
14235
15795
16965
18460
16835
20475
17680
20150
14885
14235
15600
12740
15015
15340
12675
23400
15600
16445
14625
19955
17420
16185
18200
15795
16965
17875
14885
13390
12415
21515
17615
16250
17030
17030
17485
17420
15665
15275
17745
14040
17810
