316380
294114
83754
868392
1271052
165972
509082
1018086
867990
1608924
1426752
307890
616890
148944
722022
373944
591924
1684992
419736
266796
68724
131268
231906
565560
264900
175722
345294
533046
312942
759030
183090
1060596
345744
2623194
680694
1139820
219204
589914
431322
308526
204912
116136
1193862
426096
936690
298206
215082
381930
1251642
92832
148872
126084
97038
452766
189570
969708
146316
1731180
271542
218646
1142784
194514
70386
532080
620238
238662
997824
797700
601698
2382960
244446
136314
1005984
529218
86772
226500
113718
701130
639516
1307802
338706
272520
817614
234666
694746
94956
511698
616236
1596078
433320
2568984
334908
1759500
1024806
766074
223302
459132
154140
265104
645534
