212007
449919
170076
754059
592680
930558
315717
111738
32064
372720
648693
583881
463404
383358
183096
413121
259062
1705092
764274
399174
535479
78990
876399
144138
531315
181593
62337
890691
930180
8898
182964
1118736
12471
341157
211965
266955
435510
97359
369897
666048
116298
209328
254373
135168
237003
1837860
488250
215982
26661
183765
307623
165561
500394
34293
324657
131058
289452
38886
144066
18405
103617
22650
772317
1029378
191727
252981
164340
310020
287715
510525
479274
345522
221385
753522
217131
614613
46689
5757
663666
229887
40227
163752
348897
415929
22152
379113
404451
162807
460686
179427
213009
176997
120789
184518
510561
55893
295608
33558
132222
81330
