219190
215993
228436
249067
247089
238625
243570
217994
288880
293020
204171
235750
274597
234071
231058
196259
235359
218983
269077
214935
236302
260958
267030
246974
216683
244444
241247
239729
249228
223284
317078
200583
202929
254886
276644
291042
212106
251942
241362
233772
257577
340630
250677
238786
260383
275609
244904
247296
250953
226826
309902
198697
201710
302289
228505
251091
228344
242949
253713
238809
248676
243938
257669
245778
244122
378028
291571
197064
214705
241500
212750
237636
246514
338353
273930
213854
207299
211646
244444
257669
233266
265075
260038
231288
221605
226826
217074
236118
229724
244881
244628
232760
253920
227194
225883
227493
235635
227677
246583
258727
