19500
12264
23952
16416
15132
17748
16980
20628
17568
27300
12588
12468
15180
17124
10368
14676
16524
24072
16260
15444
18540
21204
16284
17796
23412
14676
13740
20748
14868
17820
14712
14556
31248
16848
15576
20352
18312
16080
17424
16644
13896
17136
41472
14136
17076
18744
15456
16044
19404
22776
16056
15744
19920
16116
16272
19356
12912
20052
17844
15468
17136
20196
11508
31332
16380
12444
31692
17364
26256
14208
16068
16800
15924
14868
16500
16776
16668
17544
22476
16944
15744
17832
17964
20184
12240
17508
15420
16548
18456
15684
18792
14076
13740
16692
14616
9072
13344
24888
15336
21324
