5450
14195
4470
11400
6690
10620
14960
4575
9040
950
10325
12435
8975
8160
5090
9210
5605
3280
4110
6270
7900
7075
7190
11090
11085
4600
14630
12880
8655
8160
5580
3960
20365
4255
9645
5200
5085
10430
13760
6530
10155
23485
11535
6965
22635
3130
16590
17905
9305
10970
5295
7315
3420
19240
7180
8515
5560
4360
7905
4155
10895
10240
12205
39685
3910
4635
11755
20480
5040
4365
5585
8085
4245
2525
2810
8545
9710
3895
8160
6810
6360
7790
6825
5660
8130
25720
5045
11190
8225
28390
4855
4370
4115
6320
6550
6140
10900
6245
13935
8110
