3762
5214
5313
4785
4092
4224
4488
5082
4587
2904
2442
5577
3630
3696
6270
5940
3102
3564
4554
3828
3333
4620
4257
4026
5775
4224
3927
3564
3696
3366
3663
3663
4455
4026
3069
5907
3795
4422
4719
4356
4356
5907
5049
4653
6105
2970
5049
4224
3960
3630
3597
4950
5313
3366
2772
2739
3267
4026
4026
4917
4785
5280
5808
4719
4257
4224
5511
5247
3201
3828
4257
4884
3234
3663
5181
7128
4257
2376
6270
2376
3432
3168
4818
4488
4818
4488
5379
3498
5181
3300
4917
3993
5082
3795
4455
3663
3828
5346
4785
3300
