198990
105495
117045
350935
58225
147055
92850
73490
116610
138335
281855
260090
38555
111475
141205
224900
36910
99420
55275
37185
95925
63280
29680
111820
31695
269795
81490
82840
42015
93355
72005
106855
248680
185215
28660
29700
101700
29110
31105
45765
119045
168190
63960
16870
554550
21015
54645
275000
541675
182805
23870
137635
65915
18110
33275
275470
306860
39435
14410
197145
171405
43995
77890
239150
309910
96855
50885
28930
17920
33320
18210
29620
14935
81555
106055
90875
44840
26235
38210
186590
112590
191245
86850
178135
131355
164340
31370
250655
84190
68585
19255
102735
128355
116825
223765
94475
40685
82240
93245
22750
