950565
73505
680885
78905
1057620
1017205
527310
187455
1433270
285635
79485
113945
3211060
1409800
225950
2413920
135455
714935
578730
44130
56075
723485
970970
472510
450440
1144935
86885
988330
224850
127645
980140
101095
726165
504170
209820
1430145
491100
79850
504635
1210920
1158045
29175
596050
1113400
1342235
210850
396510
983450
682305
503380
482920
180660
939620
4227605
147560
1043515
766220
629120
596560
826560
32315
900240
413210
1583370
1551025
507175
97355
2635180
52760
40115
530810
83815
313055
135965
237185
749110
621685
379410
78580
260835
114045
209255
1105310
505435
495535
1531465
244190
12965
343265
1151325
143150
1161255
1023965
327085
401590
1476020
2685870
503345
563020
2159910
