24138
8451
7992
4122
7659
6048
5913
279
9558
5124
1341
5172
4929
4893
8340
1611
8685
5019
10530
19716
18777
879
19161
14415
9945
5760
43971
14577
5994
408
8319
7503
25023
14613
5475
2970
15744
5385
861
8283
9195
8349
8604
27468
32904
5787
13890
4821
8919
48003
20052
2730
14256
3177
201
507
14448
8370
18069
2112
2097
5856
11382
1071
2742
12723
13353
9636
639
2646
12204
16086
24777
8097
7980
9201
2451
6216
336
11832
9516
2754
15852
573
4929
38262
1548
3621
4866
465
15516
7854
15567
8661
3510
1152
3207
288
555
5925
