10310
9410
6480
8140
10270
10585
8080
7585
8910
8865
4860
5710
5015
9860
5225
8360
7345
6645
9135
7730
12205
7305
7470
7335
7465
8040
9205
8205
5365
6780
7490
8100
9265
9180
12680
4635
6630
6375
6035
7195
6915
5480
8280
4360
6035
7585
7510
8570
7005
8520
5205
9030
9670
5310
9535
6700
5195
7085
6445
10050
7995
7055
7105
8595
6685
8745
5820
5335
9610
6215
5830
5510
7690
9170
7970
8000
7975
8625
7090
6655
8820
7995
8355
7880
8640
5105
6805
7585
7265
7250
9960
10275
5130
7975
7310
7745
7600
6135
6695
8340
