7361
8143
4505
11067
11169
6069
8075
8874
7106
5916
7157
5491
10812
6426
8092
7429
7361
5712
7378
8568
4488
5321
8942
8857
10200
5899
7123
11033
4233
6647
7616
9945
6698
7242
7446
7565
7922
8551
5253
6613
14195
5525
9435
10166
7157
9452
6120
6834
7361
7038
9452
4352
10200
8432
5763
8517
5576
8806
8636
9435
6273
12036
8347
6086
7548
4556
7412
6834
6188
7548
7259
8823
8058
3876
10761
3655
8823
9316
8109
9401
6579
5627
4760
9214
8313
11645
6154
4046
9146
8738
6103
9197
8279
8738
12036
8262
6018
7582
5916
8228
