133126
181185
130556
166279
179129
164480
140322
139294
148546
131327
141607
147518
140836
138523
151887
169877
132869
133640
170648
154200
133897
150859
154457
146233
141607
145462
143663
149831
163966
125673
119762
139294
167307
152144
124131
141864
174760
130299
154714
131841
150602
118991
126444
148032
128757
122332
123360
139808
154200
128243
145719
134925
153429
155228
127729
162681
175017
127472
131584
145719
156256
152915
148032
161396
133640
136467
124645
157541
145976
127472
128500
138009
155485
152144
131841
139294
150602
153943
127215
139551
129528
130299
147518
135696
153429
172190
123617
178872
133126
144434
152144
147261
142121
136210
143920
144434
136981
149574
139294
142378
