510525
511425
523980
505215
486450
520830
506250
497790
508545
508950
519480
448065
516735
475110
518985
537930
510795
530325
535770
514260
518220
521190
547155
447570
525465
473310
515655
556785
560115
555165
446400
612720
512595
509850
532395
508905
472545
465435
467640
531090
552420
515385
555975
462915
492345
525690
458865
589050
462690
461115
517725
518400
572625
487440
499095
570645
497205
537480
512415
480330
526230
544095
593370
509130
533385
542700
542070
587430
488565
576225
445770
515925
468540
475380
459900
508815
449460
581265
526860
524340
470880
509580
552060
519660
558135
553410
500850
471645
551880
559485
483660
583740
478170
543645
483705
553770
476460
461835
512010
505755
