6851
9401
6392
9163
8602
5457
7293
6749
6766
9231
9129
8483
5321
7650
5882
6987
10693
7463
7225
6154
7225
6681
7225
6069
7174
8670
6324
5372
10846
8296
5219
6137
6341
5049
4760
6851
7208
7973
8959
5525
5882
5984
9095
6647
8908
4947
7276
3604
9333
6426
8109
10234
12614
6528
9044
6885
4692
8704
8534
7208
6511
10625
7531
6205
5287
6596
7106
6868
8925
6290
4233
7803
5814
6630
6681
9061
3570
10251
5134
5797
5440
8857
8194
6494
5797
5780
6987
6800
8619
10132
7276
6392
11832
6120
5593
5287
5338
7021
12155
5338
