5060
620
10260
4425
18750
1785
3700
235
11560
1890
295
4830
5545
6200
4785
1385
4655
1800
28055
23120
2010
7340
15005
3410
3500
10480
370
20730
4145
13740
630
10725
3465
4765
20760
6350
1060
590
3725
11950
37620
1805
2715
21820
7795
1880
590
14560
11075
85830
17160
715
5265
27545
1050
2905
20685
3945
3865
3770
4615
6220
13200
2015
2630
1195
9855
2600
8370
5490
3625
4245
2105
9320
2850
4905
7955
4600
17730
4750
3680
15085
15305
15625
11975
2710
5330
11620
800
2075
2160
27310
6960
11490
21415
5995
3800
6640
2505
7305
