21775
26715
13715
21840
11245
8515
28665
27495
17420
28210
27625
15535
30030
12870
20085
25480
29705
23920
27235
18525
26130
11895
35425
11050
67860
14495
21450
17160
23205
33280
15080
11505
12220
31720
34645
15730
21320
18980
34710
11960
16055
16900
7280
14235
17745
20865
18460
12415
29185
22165
22360
17615
12480
13845
12025
19110
31980
16900
44655
13195
18005
37505
14885
17485
22100
19890
20735
27820
21060
13325
13910
14495
15860
53625
9685
25740
41535
16380
36270
11895
14625
11375
20280
64285
9360
8125
26520
28925
56485
9360
15275
15210
22490
19760
34190
20605
15275
36010
14820
18005
