5576
8687
4675
5185
8602
7922
8211
9588
10047
8381
11951
5933
4896
8075
9588
6171
10166
11050
7157
7786
7616
4335
11475
8500
10999
10897
7344
6749
8449
7599
10285
7905
9962
5763
8381
7548
9401
8585
6528
5627
6375
7905
8857
4488
7837
4386
7446
8891
9656
7735
6834
11407
6936
7021
5440
6749
5508
7021
6239
11135
9452
10166
5576
7735
10302
5882
7021
7820
10183
8942
8109
12155
7089
11560
6052
7939
10251
7446
4692
12240
7922
8891
9792
7599
6477
6137
10880
6426
11645
8738
8364
8500
7446
7310
9180
6137
7480
3944
8925
9044
