29532
30130
32522
31464
29141
34477
32430
37973
27876
31993
24978
32798
53245
29417
19458
26197
58627
25392
40319
41308
31970
36340
26473
21620
26542
35489
27370
41262
37513
29532
32131
32591
26979
31050
24380
35305
32775
38870
36156
19941
42941
30820
29210
30797
34914
32223
35650
33833
32591
24403
30590
32338
43562
27508
37651
23552
35926
33879
29072
35374
22770
33327
32660
32154
30245
28014
24955
49266
31809
39422
31142
29831
37766
25208
29256
40135
56304
37904
31234
32821
23874
24955
29095
41354
28727
30061
34155
33580
36915
25668
45793
25139
31165
35443
23092
38617
36478
30337
30429
19366
