9945
6630
8970
8255
4875
7670
5135
6435
11570
8125
8905
8385
6695
9360
8255
9685
10010
10075
7345
7540
9295
7865
7670
9165
8580
12025
6760
7995
7605
7670
4420
7540
8450
9035
9295
9165
8190
13390
8320
9425
8125
13000
7085
7930
8645
6175
8580
8775
9295
7410
11570
10920
7345
11310
9750
13585
9035
7670
9100
6565
11570
5720
8970
7020
8645
9165
9425
9555
9620
8190
8970
10595
9165
7995
10335
11310
5850
9035
9230
9880
9490
9360
9100
5720
9555
6370
10790
9230
10660
6695
9685
6370
8320
8710
11440
7605
10790
6825
10400
6955
