15597
227550
221715
104862
331500
54825
432351
75693
19368
14013
158094
4299
7431
198753
139800
121542
58857
87312
130287
21339
19050
80328
20055
63093
235656
3456
107952
87765
65358
92133
47538
439569
70668
465675
116727
13035
15849
74715
133485
55737
176565
47928
53106
241137
32775
161730
86838
13596
275952
368283
371541
172644
330045
53787
38508
93960
17502
310368
15840
314175
20676
121500
87189
117768
17505
65985
1476
8274
96939
91353
37914
159966
298545
445077
24009
466923
309183
22839
161274
124761
63681
18357
148902
412869
19515
539664
20388
230928
57960
20964
84057
80454
100347
906636
87825
147918
113010
32676
173133
310488
