2844
3045
1689
1710
2397
2826
2538
3846
3573
2058
1536
2850
3057
2808
2967
1719
4128
2355
2145
2265
2757
2730
1197
2709
2343
2544
2094
3012
2979
1893
3882
2145
2367
1566
1269
2670
2862
2406
1299
2895
2670
1848
2250
1245
1815
1440
1773
1803
2493
2154
2811
2433
2307
1650
3423
2676
1770
3105
2001
3825
4050
2877
1764
3288
3654
1074
2100
2910
1911
1590
3261
3459
3243
2610
2898
2736
3588
1911
2613
3495
2646
1539
2433
2211
2217
2898
2748
2745
1884
2001
4050
1665
1995
1578
3345
2337
2910
2928
3993
1608
