31170
31940
28585
32805
29330
28775
29970
30200
25480
32960
31750
28605
31070
33580
37055
29185
29035
31125
24885
28265
34275
36720
31000
30600
24285
32515
41300
24795
26465
31040
25645
29890
26645
37895
40060
30970
37415
36530
24465
31635
25970
30630
30465
26785
39960
44870
30070
28520
32595
30235
23945
27990
26335
28455
31230
34455
36675
37325
30715
35410
28520
22095
23215
24630
39685
26070
29855
30970
26655
16180
31390
30000
28040
23365
24490
33900
23395
27240
30855
32235
24635
31315
30130
35640
25340
33175
26050
33020
28240
31530
22440
19560
33145
29300
39420
34365
32805
35425
33525
20380
