6516
5391
9927
5742
7731
9225
4995
7182
6462
6039
9252
4932
6399
6876
3195
8802
7263
7524
5769
7479
6813
6786
8442
8604
6543
7263
6840
5715
7083
7056
5958
6111
6570
6156
7542
5796
5751
7452
5490
6219
8289
7533
6462
6795
6768
3816
7686
6111
7542
7497
6993
7677
6318
7839
4014
8046
4482
9063
13374
5319
6021
7209
8109
7380
6507
6327
8100
7938
7848
10611
7992
7740
8802
5976
3789
3861
10386
4635
6354
4401
11988
6066
9054
8136
4401
6111
5139
4941
7650
6075
5769
9153
6210
4491
9576
9396
5337
6300
10854
8181
