37410
38184
38313
32895
34701
31863
43344
43860
26703
41667
28767
34443
33411
34572
31734
35733
41151
30186
31218
22962
38829
31734
30573
39603
47859
36894
36765
30057
35475
45795
36120
41538
40377
36894
38829
29412
23736
33669
35862
34056
33282
37152
31605
42699
33411
28251
46311
37410
40635
32508
38571
37668
36894
30573
37539
35604
39216
35862
26058
32895
31089
30186
34959
34701
34572
35733
30444
42183
35088
43344
35991
31605
35217
33411
32379
40893
36378
38313
33411
28896
32895
24897
35733
35217
34314
38958
35991
37410
45021
27219
34314
34185
37926
30831
45150
32766
32508
31347
41409
35991
