40248
29670
34701
35475
35862
38184
43989
35088
36765
44892
40119
41667
26832
30057
32379
33798
33669
47730
28767
38958
33927
29025
39087
35991
33024
37926
42828
31476
35862
42054
39087
31218
35346
37281
33669
22962
46053
25800
28509
39603
40506
36249
38829
21414
31605
34959
31734
35733
40893
34701
38958
32766
41538
45021
43989
33927
33411
38829
38442
44634
30186
39216
31476
31734
36636
46053
35088
41151
32250
32508
39603
37539
31089
46698
33540
36636
33540
31089
41925
35604
33411
36636
29928
42828
45279
49794
43215
32637
41409
33024
44763
32637
40764
31734
50568
34185
31218
46311
39474
38313
