639711
655614
700758
579690
596106
581742
562761
639198
665874
680751
577125
678699
582255
580716
573021
610983
547371
667413
606879
614574
561735
582255
674082
608931
595593
581742
601236
628938
679212
620217
644841
526851
642276
636633
538650
677673
687420
660231
590463
606879
678699
728460
587898
568404
587898
618678
658692
646893
574560
592002
605853
576099
558144
597132
673569
595080
628425
578151
664848
538650
597132
630477
644841
658692
658692
601236
614061
647919
631503
597645
741798
595593
599697
550449
602262
630477
630477
628938
590463
626886
588411
594567
534546
515052
640737
627912
594054
642789
621756
587385
622269
563787
627912
667926
656640
655614
612522
566352
521721
726921
