417825
537345
510030
805005
488115
1329705
534960
672210
539550
455940
957015
594765
615465
491175
593415
506520
816300
700290
535185
552510
514350
501660
543060
493785
577575
510345
546750
924435
478800
611955
501705
617670
544230
725760
566010
891810
538290
566010
548550
479790
934965
678600
600660
875880
832230
519480
959310
552465
463590
929520
538920
592560
507285
743805
506520
517320
697725
517860
1156950
1015065
552600
621495
510795
541395
880470
517185
656775
464940
1321425
584145
741105
597195
480330
462780
525195
554265
545805
636840
522225
611370
996345
1084815
501030
543825
1004850
544140
440730
518085
482670
519120
649980
512370
766845
728685
530865
1079685
549945
548910
741735
445005
