448500
532454
461279
419848
479284
475449
511615
482755
486135
427739
425685
465140
365066
430469
485082
414414
509860
522431
459017
424463
422201
392197
345826
469495
481039
399451
450567
455078
472446
365443
421499
444730
406406
371319
472901
455923
466830
487162
485459
477906
468780
471991
417937
457353
510679
470717
423852
467467
447577
447512
384371
477061
486538
370630
402012
430313
438906
393016
481715
451009
477412
479882
447954
510848
402441
410449
457873
431197
433134
469911
475280
395629
425503
400023
488332
426049
405002
504855
434772
436046
425633
426270
385541
402467
434187
441298
462241
443066
472433
401882
438113
446589
432289
428311
513396
423241
393809
491517
433602
478049
