303075
380232
335673
103725
256644
567288
439542
358920
1446021
192258
88578
519237
76581
726057
406278
311778
209682
70461
973251
115830
65007
64440
488430
291627
774702
308997
940338
949914
115812
283896
951093
243432
455625
266805
826623
1057194
118017
442485
114966
477864
121122
23184
123174
111996
260667
275661
1589679
28818
1566711
670932
128376
1687275
58509
38916
53244
31122
426618
169560
193842
112113
204237
334143
592470
449253
31536
216225
502371
396630
61641
137430
843264
677205
87003
1534086
187605
947007
133974
410103
882837
298827
284292
396558
488043
112212
63882
144774
646848
1362276
332316
492363
245097
312003
161469
302580
483354
321939
135135
614871
1023633
586179
