7475
11700
10660
9490
9295
9880
7475
8190
10400
6500
8775
11180
10010
8515
6825
10205
10595
10010
9165
9360
7735
9230
10660
7865
9880
7930
9815
6630
5980
7410
4550
8320
6435
10010
6435
7215
10530
6565
7800
14560
9945
7800
8645
8645
7410
8190
5135
10010
8580
10075
10075
11895
8905
10010
9425
8255
7020
5980
8580
10530
10270
11505
5460
8190
8125
10660
7605
8450
8450
9035
8320
9490
8905
11440
9230
10530
8190
10790
7215
6045
8125
8320
7085
11440
7605
5590
8255
7800
8060
10660
8905
8775
11310
8970
16640
6175
13910
11960
9490
9945
