116935
151373
164480
135953
146490
170391
132355
130556
164480
152915
162424
140322
130556
164737
123103
142121
138780
150088
155228
130813
125930
117706
136467
152144
144434
165251
148289
131327
140322
132355
137752
131327
163195
150602
177587
135696
143663
114365
142121
126187
136981
146747
130813
132612
141607
113337
133383
118220
137752
177330
146490
151887
137495
167307
150345
136210
186839
130556
144434
157027
136210
146233
158312
149831
109225
137238
121818
141864
124902
144948
164737
139294
151116
141093
157798
126187
158312
127986
141607
141607
136467
158569
132869
159597
141607
154200
143149
122846
128757
170648
154714
168335
150345
119505
155485
149317
139294
106398
122589
147775
