148500
140118
149028
140382
125730
100881
138072
141339
130350
120417
189882
114246
104181
123387
104379
144474
111144
129921
135465
152295
121737
107481
109461
132396
134607
156420
98505
135267
115863
142989
131142
114774
119262
122430
142296
132462
138369
124707
147840
135366
152658
113223
120417
130548
122430
133881
186681
100617
125565
112893
117810
119790
137313
127578
121572
108240
107877
123057
128601
125433
122925
113553
139887
143814
136950
110418
103686
126027
116061
114312
102960
155067
123915
121803
124575
98142
164736
106293
135201
131274
142098
142560
149226
104940
116457
103653
154407
131439
113157
118998
118602
118338
103983
126786
206910
106260
233013
159357
125499
122331
