935928
435246
1238657
4617991
5396230
813407
471709
1129863
2688910
3346343
673743
418642
464989
141421
30331
2179569
1917069
1875433
1673854
16114
866845
3153920
325080
90335
3413956
998872
156681
1071567
60991
440951
280672
25368
2450126
4032721
541170
342370
1928850
708694
3770564
3383471
1808506
1946154
3702895
313761
397369
647815
3549
1185590
110313
1059240
157311
915299
1087436
404929
1554812
1251936
3167346
737786
3440108
1273559
2538165
2291611
45388
303597
402045
119287
4702705
855848
2129351
702114
198779
481887
724710
1204658
2059190
1538404
1853460
81900
990787
900095
4685688
1002645
1352365
465171
698222
4761680
1131501
135513
86884
1085518
903497
536802
352569
131040
164528
1441272
3897887
1039374
3410512
352282
