29524
25938
136356
46530
45243
25861
71709
75438
131340
268807
66044
24079
39633
52998
26587
35761
2574
20691
14498
125180
27500
3344
287672
230637
382492
207702
148401
162998
32824
8459
34276
6963
225863
156519
86031
33924
187418
18447
148786
95744
159984
25080
33748
125389
71808
169356
58300
29359
409409
75856
39710
45287
75064
103642
75658
52349
219087
73854
99792
13651
12496
77913
29194
29755
172040
80509
51139
43879
174339
23188
5511
292578
181247
85723
39556
29689
27995
274329
216051
21197
27258
186527
251856
110242
61677
502777
154275
212201
3773
6402
68552
309133
56375
260238
29348
22759
5654
451220
520839
44583
