528903
616626
585846
567378
635094
614574
645867
574047
541728
578151
564813
641763
582768
547371
668952
563787
593541
592002
592515
594567
665874
443745
558144
566865
605340
491454
532494
679725
562761
643815
568917
549936
649458
594567
642789
644841
603288
575073
550449
609444
554553
563787
627912
561222
646893
524286
594054
588411
561222
578664
567378
568404
543267
555066
630990
637146
563787
529929
588411
526851
577638
592002
563787
584307
607392
638172
587385
607392
645867
621243
587898
578664
517104
620217
585333
565326
611496
583281
640224
542241
641250
620730
562761
548910
556092
646380
582255
654075
609444
642789
553527
523260
487863
692550
543267
584307
592515
619704
538137
550449
