31579
27600
27945
31809
36478
27554
34868
42205
23437
32246
37076
33350
35443
30383
22586
33833
28635
24817
30015
26404
21919
32821
20700
35972
30337
29095
26128
37605
27531
44597
25369
22080
29578
37858
36340
18837
22034
31050
38019
29509
26312
32982
30498
25001
30705
25783
26680
25691
32729
26358
40503
21666
37283
23414
31763
26841
22724
35029
35098
33051
28934
29164
32545
25231
32315
37145
29785
29141
29509
37237
34247
33557
28221
37513
28083
26979
31901
28934
30084
17319
32384
28750
38847
38249
37398
28267
25783
33166
28060
19182
30797
27715
30015
27623
34730
31027
29555
32039
24173
25553
