828630
526230
819045
500760
486000
454050
547830
436230
497115
458955
513495
560250
547650
468675
565020
543915
438210
967815
744300
512280
498195
679050
519975
460575
582120
536265
435915
493785
498060
545940
547560
505575
469215
519840
452340
571770
534195
496800
550080
414765
481410
589095
557415
600570
531810
437040
528795
583650
535860
477360
558045
474840
526590
582840
544590
498420
517815
574515
501210
470295
529200
549765
588285
502695
515250
492795
539055
544320
539820
472275
560295
452250
549765
538110
489960
526545
498195
470025
490905
481050
540360
512100
519030
440865
532305
506160
514620
677655
559755
689220
521370
526275
520155
507150
525960
556695
812880
542340
608175
515340
