86679
112662
149688
107325
42156
241254
265212
74754
408933
232659
122616
31500
86544
36369
39501
289989
40023
239625
72702
661581
124695
152784
30132
39429
582561
165141
86589
174555
24705
29187
324180
46980
57258
93465
42903
45954
388323
223218
92601
45549
85059
20196
168129
27279
26316
123606
387324
89802
32454
26604
113589
78192
66024
384831
83574
31230
177930
51039
146556
31689
128385
143604
129051
27729
25992
98217
172530
409050
170487
141741
22833
134334
161910
238086
156258
114876
103680
46458
131580
123579
75762
18387
58383
49032
162396
347706
27297
77355
233100
40662
91197
168228
204219
25992
57519
116631
95859
69255
404226
113472
