36409
27462
29785
27370
23552
41699
23644
30268
35558
26726
48070
29394
30958
33488
22701
28842
45310
30728
36202
31165
39859
29233
33235
35995
28014
20861
40365
49151
32936
23184
49887
24058
24909
32982
39261
31257
40733
31855
43930
26496
32752
30429
33971
34247
19826
41400
30820
30245
24127
42136
27600
35029
26036
23828
61870
29969
34707
34523
26174
38295
35305
35650
32062
38847
43562
35236
28106
54464
33327
30544
35673
20516
31142
42527
48645
32752
33856
29440
48737
33419
34247
38111
31096
29509
39606
29187
29233
39606
38939
32016
39192
33051
33074
28543
37145
28543
26128
44321
29118
34293
