141438
121836
145299
115995
111771
124179
140481
101310
150117
147972
127017
140118
129690
145926
118206
120483
120846
142461
129063
118371
112464
130680
169158
142296
107844
105501
138765
138039
133320
128964
119493
103620
127083
144771
108702
119922
140316
124311
133782
130383
115665
117975
114708
133584
120384
130317
118734
112068
137775
133419
100617
116589
128238
119988
117348
85470
135300
134937
119691
126852
124014
110715
148269
126093
129492
112035
87714
106755
120582
102135
127479
121011
111243
100188
124971
125994
107415
125763
119592
119427
102399
121836
102135
128733
129393
132825
132759
128568
119526
135201
113685
121935
116556
133188
125169
124344
139062
134871
144177
123519
