554040
592515
517104
574560
629964
613035
487350
616113
556092
630477
609957
649458
528903
490428
618165
614574
602262
598158
681264
647406
592002
655614
643815
601236
657153
610983
617652
593028
563274
530442
602775
620217
587385
587385
558657
583281
562761
637659
549423
607392
570969
584820
647406
579690
637659
573021
653049
620730
573534
628938
523773
620217
604314
556092
592002
614061
642276
564813
536598
642276
561735
708453
579177
641250
590463
564300
564300
578151
572508
573534
543780
671517
657666
561735
565326
591489
634581
595080
660231
623808
589437
626886
552501
603288
672030
650484
632016
687420
628938
737694
625860
551988
503253
643302
658179
597132
660744
594567
518643
561222
