2343
8580
3036
3432
2574
3300
11187
5082
2442
4851
4191
6501
5049
5577
1980
4620
1881
7326
11748
11550
4389
5016
5379
11286
4191
4323
3234
8712
4092
2475
3267
7953
1683
6237
8217
3102
3531
3102
6732
5346
10362
8811
5478
3531
2739
9042
2244
6303
9174
4290
2772
3333
5478
6138
3168
4521
5016
4356
10362
1353
4224
4653
6798
5907
3696
5709
2640
2277
2112
2673
11319
1782
8778
3993
2673
5577
6171
2673
13695
3861
2178
2904
7755
8217
3597
2112
10032
4026
2574
5577
14025
2541
6732
3432
3630
5775
5445
4950
11022
9141
