120648
119834
101563
94270
101486
102960
117414
120538
124399
132231
91630
120296
123530
135157
125389
119636
105974
114961
104951
102025
120439
111089
115764
108658
104357
97713
96140
108372
118151
83886
103807
108262
82995
125026
104852
108196
106491
105336
92103
109813
123915
119493
104973
113707
112387
89760
121759
105446
95271
116490
101662
112497
113542
123266
110737
131956
129426
109802
99891
128975
91212
103664
114785
78936
88132
101882
101981
117876
102465
123519
122727
111870
84678
115654
124509
119834
85327
96723
79618
116721
138809
91938
133837
115797
123310
113927
110957
118932
114554
121682
93258
136433
125235
92213
110440
128579
106733
108636
108944
96558
