8196
36003
3498
46680
123597
26037
15726
6300
44604
10269
49803
17736
3372
42738
34707
49218
71985
10887
16074
9426
3282
18171
4419
13581
12285
11130
5067
64497
19251
43740
15471
26862
11997
46419
82242
52344
8367
12894
51243
26940
39021
9132
12837
47730
14244
19590
40881
11832
16839
26706
2112
21576
3393
10773
50862
20805
1497
25284
14775
72537
19263
7698
23274
10287
70230
125139
45018
59007
118740
11424
33846
9675
32364
31503
7464
85452
11577
71853
32424
26055
47424
6744
23325
12156
65052
79056
38010
36042
25017
49137
6381
81651
15990
32754
4542
10287
41457
128895
80052
24150
