185811
138523
152401
176302
154971
154200
171933
148289
142635
145462
148546
141093
153686
187096
136210
154200
156256
175274
144177
155742
162167
180928
145719
162938
129271
167821
133126
176045
151887
164737
160625
127986
150859
171162
137752
146747
130813
129014
157541
148546
108454
157798
138009
141093
165251
131841
144177
136981
133383
144177
160368
153686
133897
163452
135439
147518
151373
158055
129528
158055
162681
123874
131841
160882
135953
160111
127729
176559
177587
142121
143663
150602
129785
154971
127472
152658
173989
162424
142892
136467
141350
181442
173218
153943
165508
164737
145719
149317
150345
133383
141607
176045
121561
157541
128500
176559
175788
134154
180157
131070
