193265
274390
121405
83170
380440
226700
578415
400420
30115
329460
18800
157425
914050
828475
772725
174260
900190
9185
285380
125345
186625
525555
19290
238090
96520
737340
173805
195355
818270
160045
533585
319440
51320
379330
420405
188530
384685
170420
233835
76730
64620
219960
126910
139770
473840
95440
1144675
674485
365330
36355
417180
566690
69760
91545
281830
604090
241425
371930
139505
528230
975095
502905
408095
49595
528040
397725
7515
13375
241360
167950
645620
999205
86495
66930
33700
78870
246210
305545
141830
42785
39000
252100
134145
196190
6885
59010
52400
273665
450195
228360
47100
630325
355565
702460
8150
129840
51840
898310
18410
121105
