8385
10790
7475
10140
12220
7280
7150
11765
9425
5525
7670
10140
9880
11050
10920
10595
6760
5525
7605
8255
8450
6890
7345
8710
8580
10205
6955
7605
9295
6435
11050
8060
7605
11830
9880
11960
8060
6500
12610
7540
8580
6760
9100
9945
6565
7150
9100
7735
7800
9815
6955
11050
6175
11050
9230
8385
7605
8320
6240
6630
8775
7670
7735
9425
8840
7865
9100
7865
6695
6110
7995
7605
7410
7150
4680
9035
9490
12545
10075
9035
9490
13520
7540
8775
7345
7215
7540
5200
8645
10270
12935
8645
7085
10400
8515
6695
8060
8710
10725
6825
