421830
79200
419955
71980
18030
847710
267085
23240
552855
129315
680250
200990
95955
221790
79965
297450
45270
4910
65115
47225
282555
187455
52035
429080
553925
10550
287920
817050
216950
241330
43860
385275
29850
16810
616510
212345
217190
95850
167930
9030
116685
244700
404385
182125
396650
253820
301705
8085
150370
116320
323980
36275
53995
213810
491565
151400
12655
20865
91035
263305
122845
9790
189565
29220
453710
597050
34695
124710
49970
246250
82390
70625
138135
60005
459965
91390
235670
450950
82315
45145
72325
34200
347760
51005
41600
164075
55665
12565
621970
392600
42910
17460
302535
951850
86285
310860
110590
92125
163085
206075
