13509
13176
8118
13347
16047
9540
25812
9693
9819
4725
5859
4860
15669
9396
11421
28539
6354
6138
5454
4752
6489
8343
6345
19377
6615
15831
10098
16857
11106
8262
6534
7812
15516
9108
11070
17388
15372
5634
9936
5490
11340
14841
6660
9522
8487
10449
8946
5958
19404
6687
5715
16443
24363
6534
6948
8235
11745
23796
9189
6048
14751
10071
4266
9675
4626
8334
23796
7173
6732
6984
10665
16335
27891
7722
10071
10737
9918
5229
10683
7731
7011
8919
10575
9306
4824
5733
6282
24750
7749
6813
16272
7911
4545
8298
18090
10467
7767
6858
9495
8046
