20769
35733
41667
36894
33540
42441
36894
39603
38829
33282
41796
37539
28638
32121
39603
25155
30057
34701
39216
45795
46956
36120
32121
33669
31347
33927
31605
38958
34056
39087
36636
30315
39732
32766
47601
45666
29283
30186
38829
45150
27477
47343
39990
31605
41409
32508
43731
39861
45150
30186
27993
38055
31218
35475
34701
39345
35733
39861
34185
37926
39732
34443
35346
37281
24252
44634
32637
31992
43344
34959
28380
32250
37926
36249
32895
29025
42441
37926
36120
37410
42570
30444
35733
29799
31734
37281
32379
41280
34959
34443
32766
33411
36378
35991
36636
42957
47214
44634
36120
32637
