21789
29988
26406
31563
24336
29025
28188
28584
32202
27468
28188
29286
28017
30465
27846
29736
23238
20988
22032
31410
29205
24012
30222
31347
31014
25209
18522
24822
25614
31428
24714
22005
28530
23850
25083
34983
26361
29205
26352
33948
29367
27675
22077
27828
27324
23967
24678
32040
35478
27333
24687
32202
28548
29187
23751
21069
35928
29790
35982
22455
31275
27864
22275
23643
28170
31671
21852
26271
31590
26469
27486
21519
31815
30339
32328
23274
27621
26064
33084
25569
25785
28539
30096
29763
29745
22221
25524
30870
31194
31077
30366
25065
29223
35127
34812
26019
24120
33741
21204
17577
