267322
774719
686851
304744
1282963
100529
95480
279862
745107
450582
1544576
4025956
545853
302962
862543
1618782
1523698
2046627
877767
168542
1740453
472252
110858
587455
196471
212839
690921
290433
957242
208868
248710
795784
490875
1972278
125664
4256560
136466
1279531
1250238
319902
221529
378235
514074
1087218
285395
161667
1931193
2741464
326612
909590
143462
695233
220638
1208009
178442
1024881
269555
174548
1982706
303886
113168
806960
320639
618783
1262998
481888
413083
1637636
163790
205535
181940
884950
110957
825924
143803
1863532
539374
650254
1186427
384516
216502
1363406
1084039
227975
717310
847308
485870
287595
274296
710292
303028
471801
859914
142769
903309
233431
1298847
1822304
414227
1214961
