2067
31425
132156
65292
32892
10632
2748
30675
215862
40701
86253
64029
17172
30387
172188
15312
43653
25551
98511
5508
48066
60915
19311
7446
951
55089
45942
22932
43263
91485
61164
91269
6819
206175
21237
6102
50874
1146
78702
105
38010
8475
5013
84984
7137
54678
15138
58215
13416
40905
27138
78525
37875
46419
19683
36672
51585
136620
27327
74862
62565
14871
127935
48477
56307
34155
9351
7638
32538
51948
52095
30300
80472
12282
14562
47715
5568
29862
77853
99795
95505
9255
61320
30963
62427
40383
990
107871
58377
2109
119598
53997
164196
14361
4152
47730
24423
18441
96099
31605
