11466
6516
11304
6003
21042
13185
12735
8433
6084
15237
9468
12420
10377
11592
19035
6597
6894
46638
17487
4905
4320
21636
5688
9675
6498
18900
19377
46152
13644
16335
3519
5760
5850
11250
13707
8793
5544
5436
7164
10962
8613
9792
12042
9018
16875
10782
17145
6183
12303
5562
8037
12393
17550
16947
5040
10188
16776
3870
11385
10827
13545
20286
6030
6255
10260
10647
6750
9828
7344
14913
19350
5103
5886
13158
7893
9639
8667
21366
4248
22482
12465
10800
7146
20367
4428
7695
5184
10674
5211
12456
30618
12951
13689
5787
27360
14130
4239
19854
13581
12789
