221793
137346
136257
140382
116556
121539
225126
105765
131307
124938
112398
198000
130548
176979
168366
118437
140811
141372
128601
241362
136785
133452
163680
191763
127974
105666
233046
107877
114180
152361
132726
143715
221529
110616
129327
146157
142857
154803
140679
353859
139260
169521
132330
129525
119460
123321
121044
136818
121638
129492
151008
137841
117942
118272
189783
126225
156948
138006
111705
120516
132132
140943
164241
125598
133452
126819
126027
130779
221133
125928
115698
140118
120384
135762
141372
119922
141075
118932
127776
99627
128667
122529
143913
100914
138798
144837
145893
128040
158367
130779
122892
123123
128634
116028
105567
127215
127281
137181
107448
181500
