6100
576
2468
10724
1052
136
980
8576
3860
3000
17564
16756
2600
5116
6564
6352
22064
8932
10828
36480
6560
1208
2364
444
3104
952
292
2524
3604
7848
8404
21644
2316
8736
4216
2892
10612
2368
7508
3840
2140
4740
2800
1480
9368
1328
1916
7664
8008
284
3940
2844
8068
3288
7232
4136
1456
4848
1912
1688
1056
2920
2696
2224
13492
6848
11748
2668
2420
5928
3440
5500
1428
1992
5100
1544
2860
9140
3452
11376
17380
20540
5972
4092
6192
3760
408
1964
5560
6448
652
13624
728
5988
2764
2392
3008
4532
4072
8492
