765
645
6230
11670
18250
7405
12360
6720
1815
15575
735
9490
9705
22510
40345
5825
44070
10290
3735
22755
13715
10535
1320
4840
2655
9895
51410
20095
1055
5620
6015
32980
12365
45265
12900
22465
26475
940
21930
7510
10185
2090
39800
4005
1055
28295
16010
26075
2245
53360
2955
3640
4245
22690
4910
31300
27540
4570
8660
4870
1500
7630
6825
18985
43070
32345
3125
1940
8340
3810
6820
1605
9645
405
12535
27270
65005
12210
28345
21010
1620
2660
12525
2230
4185
17165
38460
32255
9435
3975
8735
7440
8770
3000
3620
1210
13020
905
20220
26185
