33648
29378
9814
65536
7664
376
37998
12922
30776
4296
6088
762
65536
23378
6428
4142
35742
6588
24478
3246
24562
3630
39620
3346
23746
47874
25452
12540
11306
39096
65536
1904
11910
676
61746
38790
13990
65536
2242
62452
18368
13510
6902
44214
20112
20896
24218
7496
5762
3214
4594
16512
15020
4924
23448
51168
27470
19000
1278
7952
26118
2626
21790
25858
28360
24718
25280
24638
18708
1662
12094
35268
24192
20320
65536
7484
4034
1458
19550
28930
23708
29270
22436
4420
26566
38246
4918
32788
16206
3104
12196
25688
13848
5766
13584
3808
2356
2586
3496
27932
