23174
45764
10098
97594
40680
138374
428570
66394
2812
11928
12270
15310
396312
39198
129438
254124
216386
1184
61178
168854
36494
100868
70800
30382
4642
35026
87494
210364
141968
2348
34562
156118
47642
5340
207812
203774
112252
2680
35080
156486
217570
114346
73586
71732
27288
2298
280794
71974
226902
2650
93338
236240
167544
150168
87478
449264
26836
72134
88406
1604
47338
159740
54690
37128
303322
17236
11654
104976
139052
132346
15750
242606
50132
215210
524288
407592
10712
227378
73824
21846
221820
81158
375522
84186
100810
3114
31554
245708
55760
192464
37884
1448
15628
1082
18418
44632
156510
152848
71202
250894
