57335
67975
21885
33900
53345
19290
46910
67215
170755
16370
10780
22585
99170
14180
42570
2145
35630
39395
46400
251150
30415
2655
13290
100870
84615
61415
11495
79865
104445
13740
35340
74190
8635
63175
31920
15760
41630
94335
132445
45695
56085
125225
48660
90945
57565
42090
60940
11040
6600
19300
2955
20355
10225
23085
6475
47415
40470
21690
88350
199350
16315
18630
53795
155890
33180
39320
22675
48735
20525
65260
6820
1605
4700
49500
176490
12875
31390
66960
3685
51220
23225
98450
21710
49395
96440
171935
41570
22785
39905
11565
8735
37970
121865
140735
2545
17485
132920
56065
133710
3355
