7114
8700
8592
4506
5560
722
22076
5754
9814
6202
6088
762
1228
1860
10552
12112
14070
36552
10616
1922
15960
492
12022
626
9176
1728
5510
11264
11032
3346
48470
16872
1370
1396
9454
9936
5726
4610
13616
4500
1776
5192
3242
2010
2156
22002
3438
4182
11218
13346
4594
13180
18352
9854
18518
1750
4650
7150
14486
4106
26118
2626
584
18010
476
12854
9414
25456
57412
2794
11090
1190
2190
12218
6292
3192
10958
230
4054
6372
18106
40500
11170
6998
5048
7802
9694
746
740
3760
12196
8328
4432
7652
15474
1922
27242
2586
3496
1838
