7114
846
3300
5344
9702
1498
1354
19642
3258
4430
2948
3902
1228
1860
10552
3428
2634
12482
10564
9408
2512
6548
2758
518
1416
1492
714
492
6952
5696
10972
1604
1776
7898
3472
22226
520
4872
10352
4166
1776
5192
3242
1002
3164
22002
3438
4182
11218
7272
4594
13180
18352
2606
5278
6422
934
1820
7242
7512
5680
4698
6890
1880
8320
956
3584
3104
15420
16432
11090
1190
2190
7702
908
778
1650
5270
2554
5830
9448
2134
6184
5078
11584
290
1990
12174
6724
2046
5506
15018
4432
422
2336
2222
18196
3100
498
5766
