827840
77162
1153982
1033870
1529638
498968
538406
41312
61270
707544
763868
300366
126736
199308
1064570
195376
982406
364428
1254876
1832476
526190
60692
2496724
699394
91350
191608
158686
887300
1206510
702070
805268
1685904
289146
429066
1445294
240910
1381632
192692
603452
287644
664144
676970
2742880
33400
922448
563010
134726
6570
130156
184270
2101448
525250
184282
524276
1033336
213110
2001658
8532
2952086
200912
19578
27760
959448
220974
654454
548678
1602356
107628
750678
360772
1423724
358764
197544
1312374
456318
222142
85784
1018106
452638
136210
727302
1420380
197008
798050
158242
4250
702710
709144
2051290
1143192
77368
264982
802558
634842
521436
59924
2622626
1073024
1890222
1683064
