905006
4194304
4194304
679540
759460
323464
514014
1757516
2460910
4194304
4194304
120038
1658070
1526872
4194304
650064
1478848
561008
290698
4194304
3783002
4076886
4194304
599362
4194304
4194304
4194304
2979374
3907422
4194304
1758222
1192020
2860566
4194304
1686072
4194304
3055500
486696
3311386
4194304
4083996
1660158
487958
4194304
1642786
2023968
1287516
4194304
924132
104416
2924518
410742
3248106
446768
2513850
4194304
2927474
1835750
3701460
1692510
19578
4194304
4194304
1294054
433228
3565652
1040654
2612572
99288
3180156
3014596
277812
1782354
556584
1683120
3307294
1212252
1975058
1647436
4194304
4194304
522786
4194304
4194304
2469898
4194304
2383888
443288
2883732
1461808
275610
2025580
3755576
3462112
1093024
128566
764868
4194304
1863820
1501152
