11142
11502
8469
9882
14580
468
4977
14589
18486
5571
5580
1971
1737
2736
6300
4572
9153
9945
2214
846
5283
6957
4716
9405
684
1197
8397
3375
5328
666
4356
7416
1422
3249
9099
1881
1476
3924
2088
2457
20475
3816
2412
5652
459
5940
5724
1440
1062
1944
1224
873
5553
1404
4464
2304
10278
3744
13455
3789
18225
1710
2151
1314
4185
1278
15246
14625
7902
4680
10764
702
2052
7173
7677
15129
5013
2898
4680
10377
2592
3519
1908
3879
1206
12456
3078
3609
1809
3753
1368
1377
6750
2574
14175
1161
2502
1224
5409
4122
