639730
456170
391040
431990
247780
735735
338065
244790
315055
549055
272350
573495
261495
527345
447915
472420
687310
252135
270205
226720
252785
417885
492765
469950
442715
326170
483470
364650
745095
295620
1015950
242775
343005
277355
401895
301730
582855
378495
363415
399490
401115
534690
715520
305435
386815
445640
496470
606255
326040
270010
261430
523705
240435
343330
256685
542815
832975
487760
310635
261690
426010
269490
396760
500565
312130
247780
785460
255385
345280
1127035
249730
327665
230360
809055
259480
387725
465400
369980
229710
703950
495755
365690
616265
245180
694265
409175
572195
287755
307450
491010
298220
749450
798525
245895
395070
385710
262210
282880
1003275
769925
