7410
36495
28188
16203
12354
22875
7062
29580
14199
9693
9594
10404
8715
12396
21690
11553
25017
5214
7809
24225
23982
5202
22953
10062
19158
4290
14127
66042
5568
13605
5919
8652
12453
42207
28782
12300
16506
15831
11319
13677
8100
23817
42795
5448
9327
16596
24294
20988
15351
21396
55479
20649
25845
8979
6399
39570
16593
17112
8670
40569
35367
13341
9081
10299
15075
7710
15231
7122
9510
10446
12969
8187
7104
8691
33444
38328
11214
3042
21492
6513
12663
64794
19266
5589
5019
13632
20298
8940
35166
7335
17004
3231
4344
32460
4368
12159
17985
8526
11763
14772
