437435236
294303736
8262348
336409296
21593316
18068420
131445848
826631964
90238140
651699768
16777188
60806776
69380960
175176432
95561676
206449836
67557584
143311572
439263976
152846736
86630824
127085532
655377440
15455788
329448388
365523900
147783400
23116368
49641148
15475060
124678336
175268080
33546588
206941848
16249692
299157692
474443196
582443008
158652220
180837440
154468300
151944176
268602612
445613244
98648840
80577988
71870276
46139068
55880644
387898272
42738768
145164716
55631764
89985132
492064560
39003628
9104120
217042288
45838996
1545816
230326316
19011408
115994680
185315476
127607896
169954252
264645224
82755400
81238636
161695244
31727876
85953592
375908
49565368
247601464
266017472
442150476
173621376
583952032
477061724
351561508
5347724
112024024
526271536
5575600
7230208
186481524
57149560
683327660
309154364
48384564
171311780
266194536
36070968
60820956
111204720
194370400
31679836
25743848
191306676
