3995
4352
3723
4998
5270
4063
4216
4913
4471
3706
5049
3893
4131
5967
4386
3655
3247
3774
4284
4913
4335
5168
6953
4165
3723
6256
3740
3723
5338
4267
4539
4131
5100
7429
4777
5321
4012
3672
3315
3961
3332
2873
5185
5474
4556
4641
3740
4913
3808
4590
3961
5695
3604
3077
6494
4522
3740
7157
5406
3961
3655
4369
3587
3553
4709
4675
4862
3468
4420
4097
4352
5151
3604
4029
4250
6137
3893
3944
4862
5780
5100
4165
3009
5542
5423
8857
4250
4573
4233
5185
5321
6732
3638
3621
4658
4658
3043
6086
4709
4012
