93012
89332
83536
87722
93518
91356
85974
99682
101522
84962
85468
100464
99360
95082
119554
82616
87998
78154
97704
92414
74980
88504
87124
86158
102488
86020
88458
82984
83766
100924
97290
107456
84732
86296
88136
102764
81880
90206
103316
100234
77970
88274
82432
89286
84364
94162
94070
91264
87814
90896
85008
91080
86894
83122
96462
94622
83812
89516
85468
92644
78890
82708
77326
89240
105754
91356
93886
85882
84226
94024
84594
93472
88550
84180
110308
92920
86756
92644
81374
78384
85376
83766
81006
89884
83076
89332
90850
96278
117346
89194
82754
90988
84548
92368
87630
100234
87400
82984
98716
87354
