8276
9180
10244
10240
10892
14040
10392
9164
9212
9556
19952
8644
9452
9208
9364
15176
9832
8324
9352
14836
14732
11476
10000
13080
11180
15008
20248
14012
11028
13548
10656
9104
10176
9480
8672
12420
9064
12316
7980
11972
8136
10092
10968
12180
10076
8708
10660
8668
9480
9672
10264
9472
10868
12288
7964
8828
9940
9540
12448
13832
7992
9024
13216
11084
10532
14756
9400
11260
8748
12104
9156
13080
10020
10856
10836
11144
15120
12232
9832
10532
10844
9680
12108
11284
10320
10476
9940
11520
7540
13296
10432
10704
9692
10380
13416
10632
13008
9340
9372
11260
