20860
30905
20020
30765
34251
28826
24745
24262
23898
33467
18718
22414
23289
32529
23870
18333
34909
18466
26208
27041
28861
29127
20517
27902
32732
29113
24752
43841
15526
24843
25193
20699
21861
24213
28616
32928
19243
19593
26264
22540
26733
34748
31619
19635
26271
40026
24073
25242
29589
56133
25557
25375
23002
36624
24423
23898
24892
43778
20853
36337
28924
22302
20993
31157
24052
29407
22890
36932
24815
29113
24052
25578
23408
31822
27237
36309
17423
25347
31479
22855
45808
24752
19145
26810
46403
45073
23303
19936
50946
22302
24899
60368
52710
26453
23793
21077
19859
21308
28931
20538
