5229
2445
2832
4008
3105
3027
12657
1317
7092
4569
3720
5985
6198
3252
5571
6519
4026
5757
3006
1932
2244
5994
3120
3537
10875
6810
2082
4899
1419
3999
1434
1596
3981
9072
3273
3423
6990
2058
5598
1587
1890
4359
7701
2736
5163
6591
3660
2397
3081
10392
2451
4797
3963
7479
3519
1980
2847
5208
8799
3000
3294
2142
2163
1632
2610
6972
5523
2118
3744
5421
10875
6621
3900
4869
1809
7479
3765
2070
5157
8625
4455
3258
3243
3987
2388
3246
5331
3363
4791
3525
2454
8592
6297
4749
4689
6999
5832
6690
4218
7869
