29440
16028
12652
10396
27136
19348
11128
10044
30880
29784
11392
10356
28720
13096
16260
17108
12576
22644
17916
17156
10880
10400
15340
33040
9312
22860
15520
14828
10836
12100
10104
9480
12536
11792
10372
10452
12908
13772
9212
19076
7656
15144
13392
10704
18212
10860
12596
13728
21144
13316
16052
9896
7732
11472
11460
8808
16116
22664
23584
14388
19580
25360
18260
13708
30392
13948
8688
9368
16440
14232
30900
23280
27748
20232
32744
15304
19872
18024
40672
14736
14028
15880
20076
27348
56572
22256
34996
9844
27264
22204
24424
25600
36492
26656
18408
18788
10920
19132
16952
28744
