3995
4352
4811
4760
3570
4913
4216
4913
4471
5083
5049
3893
4131
7565
4250
5185
4029
4284
4913
4505
4556
4947
7089
5644
4675
3689
4012
8789
3825
3060
4709
3961
5117
7412
4777
3315
3859
3910
4590
8058
3332
4046
4012
5474
4556
4641
4471
5865
4182
7004
3978
7531
3247
4369
7191
5389
5610
3842
3842
4743
4029
4250
3485
3400
4709
5168
4369
2873
5015
5355
4352
5151
3604
4029
4743
5440
2941
3740
5270
5389
5100
4216
3791
4709
5423
8857
4250
4573
4233
5185
5321
7344
3196
4335
5678
5015
6868
3944
6409
5338
