592180
469480
707980
585040
637560
463190
462680
524090
476990
501380
460700
457970
546430
521850
480320
455580
541100
469380
551060
649820
602410
584900
532190
461330
611320
510440
619960
592660
530190
516780
531540
489060
528420
500660
528460
549660
481910
485980
560660
455260
572690
666100
443860
496320
434970
532950
536730
490280
589980
500270
448640
486920
515330
476330
581030
478740
522880
611170
489210
580480
610030
512270
576520
473810
488470
687840
512080
492860
604550
628170
496500
589900
462060
463280
520150
524140
689910
527430
658000
525550
556620
576670
524000
509530
535440
489540
463070
409880
592260
554980
491270
568920
504520
611250
598700
578310
423720
452410
478590
489000
