153162
288930
242004
564264
452784
55296
215250
43770
1002366
112404
219786
293874
100530
31584
565710
50634
158100
305124
93282
597984
778116
155028
171474
72768
359694
123882
25668
19680
136596
54828
288714
152100
100020
33756
219732
592974
128946
51666
374598
186498
361104
514734
153936
444264
541158
190812
220278
169692
28950
21090
170970
324348
82638
419526
405618
132360
380430
496908
42660
264828
657168
450972
474528
624660
319650
476418
98376
717006
24936
271686
756312
206640
20412
289182
28926
614022
93984
96114
732246
50226
136278
1266516
54258
70164
223902
101094
237804
462276
265656
879432
125964
597366
167064
369852
32118
73980
412596
523458
490836
1455498
