35508
39171
36333
35904
38082
37950
34386
32934
45309
35574
40293
57354
31251
29667
31020
37059
33033
49203
34221
40656
29667
41085
34716
36366
39237
38742
34485
42372
31713
33891
31845
38874
31713
34254
37356
39270
42009
35343
35442
36135
36366
39336
36366
35937
34287
39501
32307
35739
32043
45144
32406
32307
39039
35970
34551
29073
32637
38313
31185
41019
32868
33363
34782
36762
41085
33033
31086
33330
41976
31944
40557
36102
38940
38214
40161
31383
34320
32538
36036
35772
39237
36795
44352
32571
31647
34815
33297
34584
36597
32736
33891
37026
48642
38841
32538
42999
36564
32868
31086
33495
