568841
590408
600873
614887
648648
608153
607789
555373
580762
622804
606333
590863
571935
572481
562562
615069
608517
569387
634361
604877
576394
643097
583674
611247
681135
590590
553280
610155
590681
578760
575029
629720
610610
586859
591864
626444
588042
551096
591045
627354
577850
600327
586677
586131
601965
594685
661024
591864
623714
593775
583856
621257
616161
607789
551733
633906
595140
583128
671671
590590
566475
587951
587951
559741
627900
574756
557648
559468
583310
610792
591318
595777
593047
596869
671489
570570
590135
618709
641277
587678
604331
601328
576303
606879
577395
586586
576394
549185
611065
564200
583401
548366
606424
573118
594230
584038
633815
580762
586131
537992
