18009
16859
16192
11914
14306
14352
26427
15042
13087
12167
14030
15502
11132
14973
15180
12880
15387
15019
12420
13915
19458
13754
18055
12719
12489
12443
15019
11569
12811
12259
12029
18584
16721
13754
19918
16514
20976
13892
17181
15939
14260
15065
18768
17572
18906
15502
14858
12880
11845
12811
13685
14927
15019
20263
17825
12328
13616
15456
13087
13961
16606
14283
12328
15295
11086
13064
16744
13777
12903
13869
14260
14076
15272
20033
18561
14996
16905
13202
12581
15272
12673
14375
18147
17526
10902
15088
12167
15272
15295
13018
19573
11891
16974
17871
17043
16836
12328
15571
13731
18354
