65536
65536
65536
65536
65536
65536
65536
65536
65536
22274
3288
65536
65536
65536
65536
65536
65536
65536
65536
65536
8756
65536
23626
65536
65536
65536
65536
65536
65536
65536
65536
65536
65536
65536
65536
65536
15316
65536
65536
65536
65536
65536
33774
65536
65536
65536
65536
65536
65536
65536
65536
65536
65536
65536
65536
65536
65536
65536
65536
65536
65536
65536
65536
65536
65536
34450
65536
65536
65536
65536
65536
65536
54578
65536
65536
65536
65536
65536
65536
65536
65536
65536
65536
65536
65536
65536
60580
32686
65536
65536
65536
65536
65536
65536
65536
65536
65536
65536
65536
65536
