1310720
1310720
1310720
1310720
1310720
1310720
1310720
1310720
1310720
1310720
1310720
1310720
1310720
1310720
1310720
1310720
1310720
1310720
1310720
1310720
1310720
1310720
1310720
1310720
1161995
1310720
1310720
1310720
1310720
1310720
1310720
1310720
1310720
1310720
1310720
1310720
1310720
1310720
1310720
1310720
1310720
1310720
1310720
1310720
1310720
1310720
1310720
1310720
1310720
262270
1310720
1310720
1310720
1310720
1310720
1310720
1310720
1310720
1310720
1310720
1310720
1310720
1310720
1310720
1310720
1310720
1310720
1310720
1310720
1310720
1310720
1310720
1310720
1310720
1310720
385400
1310720
1310720
1310720
1310720
1310720
1310720
1310720
1310720
1310720
1310720
1310720
1310720
1310720
1310720
1310720
1310720
1310720
1310720
1310720
1310720
1310720
1310720
1310720
1310720
