154895
172835
142285
131430
144300
138775
137280
141440
137865
146640
153530
153790
144690
149760
180245
156585
149045
140660
144105
154635
144105
162305
155935
137800
148785
134225
123240
149110
155220
194025
145600
166140
140985
150800
133770
141440
158405
176020
140010
153920
191945
140595
181740
162240
144690
152165
140790
135070
148005
144495
144300
175565
158470
135070
149240
143715
131430
166595
139295
156845
150995
149240
167765
130455
147550
150735
138060
153595
177775
154700
157690
160095
142090
141375
173680
129350
129675
139295
136955
138645
145210
168220
142545
163020
141635
163085
147095
140855
136565
139620
161395
137345
142740
149955
142090
131820
154375
148070
167050
140725
