5695
5304
4760
4488
4454
5814
7565
7293
6171
5491
5253
5593
5032
5950
5100
6273
7718
5168
4403
5933
4267
5525
4947
5474
5338
5423
6749
4148
8160
4233
5865
7820
8925
6086
5236
4488
6307
5389
5865
5440
4318
3876
5304
5372
4828
5338
5950
5933
4947
5967
4301
5457
4590
4726
4063
6341
6698
6307
4828
5661
5270
4182
5508
4505
5695
5083
5746
6494
5712
5610
5559
4828
6137
6324
4420
6341
6035
6630
6375
6120
4794
5151
6103
4675
7514
6205
6120
4998
7463
6664
7412
6494
5780
4998
5882
5661
6120
5797
5848
7276
