13984
13455
14996
16169
12558
13915
15479
12443
15686
11730
12443
11707
13432
13064
14030
11477
12742
14513
14191
12857
13271
11914
16192
14444
19849
15226
13179
13363
19435
12765
13754
17756
13041
12972
13432
13616
14720
12328
11569
13248
12466
14099
11201
14398
12972
14214
14099
13225
12006
11891
14858
16284
15709
11615
14122
14766
13501
10971
17595
12190
13846
14122
20378
15663
10534
19274
17043
14214
18262
12742
11638
10879
14237
14329
16721
11385
14030
15433
14766
14904
13961
13225
13271
12558
18699
19688
12581
15203
17365
13915
12604
12328
13363
13248
12443
12696
14536
11431
14122
12995
