4088652
934344
3672192
15452160
2939388
16704
3074940
4024476
2717856
4517604
6197868
8761908
4069200
344184
7899912
1091940
15786372
1245648
1206900
1556628
4335348
396252
776172
1956300
2224512
9822396
3837312
3683724
263700
11708028
3721368
4934268
5433648
5661492
3017100
8835384
8076540
2087184
1315656
7941216
1075632
3324720
1236948
903120
4178616
2940768
186228
8257980
1909968
5303100
1363932
3144060
3835428
227472
8668560
4094424
203988
11331732
175980
2191776
1413060
795276
4459692
18972156
5949780
143460
5523564
1156944
3119352
4122228
431256
3409188
2130360
5395632
889524
213384
4587408
1964496
10908528
7108872
3890112
2153136
3725904
445596
2099604
1074036
706764
3449172
10709712
1311084
4633632
55848
1761960
2555664
2249796
4987980
6922284
6673500
1960920
2718960
