587320
461455
469765
465380
490975
463930
601470
540375
601485
555280
508380
441710
615695
460025
556025
493765
601585
468500
456445
506420
488315
651390
515880
576450
761245
514375
471215
539100
438705
464570
532720
521335
645840
509560
493250
436400
504335
406990
598295
521825
513710
577810
611495
530080
533635
593565
528070
555185
502930
474420
497745
530080
548945
488745
487315
635695
448890
478215
514925
640675
433600
517430
541375
529775
514985
684455
468865
485135
583470
540435
482010
531535
532320
597070
584575
469350
563920
614880
518365
466530
504350
445335
385975
553970
522660
497525
465225
566540
521400
541055
584340
674750
591965
490210
461530
555890
514270
492970
531740
581955
