1489950
1542840
1540776
1651716
1531746
1555869
1633656
1532520
1603728
1655199
1468923
1570575
1537938
1537680
1560126
1536648
1450476
1548387
1591860
1554450
1598052
1700736
1556256
1454475
1538583
1527747
1577799
1529682
1649652
1595988
1506720
1624884
1720086
1500399
1563351
1562061
1595343
1567479
1516524
1550580
1621401
1640880
1504398
1640751
1580379
1553934
1599471
1509816
1478856
1572639
1516137
1566318
1526457
1477953
1541808
1489176
1609662
1595730
1512009
1683708
1521168
1506978
1628238
1512783
1531875
1538841
1474986
1581153
1630302
1530843
1534068
1450347
1517169
1536906
1573284
1669389
1534971
1533423
1573284
1591989
1490982
1541163
1599213
1743693
1481307
1504140
1601535
1565028
1542324
1465956
1572381
1485048
1539357
1525038
1595601
1514976
1614564
1699317
1673775
1524522
