7862589
7541379
8244351
7168707
8580240
11502567
7410024
9695043
4887522
8352783
9261657
7938036
5904576
7281432
6181137
9428094
8369127
6757686
7435287
9074592
9815697
6769440
7458138
6232275
7770573
12474189
6590313
8830044
7412823
10736217
6122916
9968076
6581088
8123670
6793974
7294986
7041951
9971037
6441462
7555221
10387782
5817627
7023555
6177042
8023653
8753292
12468978
6437844
8230428
7857090
7585461
11343303
5609250
18151704
7962606
7238682
11618307
10292355
6801102
6542010
6792633
7315776
8367030
10993059
12675717
8438724
7076673
7583841
11897793
8451162
12185352
8978760
13056453
7973658
9580338
6907491
6932007
6981750
8068347
7624908
7860735
7292043
9215748
7364232
7410879
6859089
6420069
5847921
7321248
5942880
5515578
5804739
9835596
11541744
6696333
7473591
11840868
6913476
6833034
8896257
