16842
11200
15582
11060
10906
13307
13909
11312
13909
8862
11501
13188
9051
11459
8960
9898
9618
15477
11746
9009
11655
13209
9800
9331
13041
9520
7966
9975
14651
18151
10157
12040
8687
15568
8043
11165
12082
11207
8967
23170
11788
13461
24661
14770
19775
11627
10563
11627
10591
8722
13503
23982
9807
13489
11193
31668
12838
11669
20419
9849
11417
11907
16982
14413
12971
9240
11935
13223
10780
12334
17969
8743
8190
8330
12502
10563
15841
17640
9695
20818
9870
15099
18865
13391
19117
14756
14007
12530
14532
12411
16142
11977
19866
9681
17878
20510
14371
8813
7861
11158
