1728342
1567866
1691706
1473309
1567608
1567221
1649523
1543614
1554708
1530069
1556256
1542840
1598310
1504140
1588377
1634559
1475502
1562319
1577541
1599858
1520652
1528650
1650297
1604244
1515363
1617144
1581669
1614822
1679967
1594053
1464795
1543098
1649394
1737114
1533810
1545807
1505301
1752465
1482855
1586700
1608114
1568253
1666293
1513428
1653651
1499238
1553418
1657779
1557804
1489950
1597020
1500915
1528779
1615983
1494207
1516395
1569285
1514847
1548258
1579734
1571091
1500399
1563609
1541808
1605792
1519620
1522716
1614306
1579734
1510719
1595859
1552128
1623336
1558320
1600632
1596375
1462215
1624755
1614693
1562448
1573800
1511235
1625658
1518588
1622820
1557159
1605147
1560771
1509042
1594440
1623336
1543743
1568382
1529037
1579992
1548516
1539228
1596891
1555482
1477050
