234585
226655
238745
223145
230620
246285
224705
244400
237055
247325
218465
235820
247325
223145
225745
229385
228215
231205
227955
236600
216320
229710
232635
224120
219635
215475
219635
226005
250900
242905
218270
221520
230165
231660
230165
241540
231270
228995
272285
240305
230035
235885
230100
239265
274560
283010
223925
227955
214370
214630
217100
221390
264420
225680
234455
218270
241605
249535
224250
220935
230555
224445
226980
216190
236665
250445
236145
234715
238095
239590
233870
252525
251810
209495
217945
247650
238550
216645
224965
257400
242710
221780
221650
222950
241865
219440
214435
229255
216060
248820
234260
246675
235365
264745
224705
232050
248170
230360
231010
232765
