2475
2795
4125
2785
3515
2230
3145
3620
4390
2470
6455
2145
3780
2145
2155
2175
2000
3940
4195
3210
5010
3595
1690
7370
1390
4795
1310
4215
3165
1980
4405
2755
2880
4975
2975
2130
4520
3075
2410
4330
2335
7605
3870
1445
3810
2050
2865
2280
2235
3995
1485
3435
1445
2585
2035
3225
3895
3190
4670
3905
3400
1870
2520
3965
2660
2930
2510
8770
2815
2960
2870
2590
4150
3730
2695
2355
4715
3850
1825
5255
5100
2005
1645
1785
1455
4390
1720
2390
2805
3735
3320
3240
2360
3925
3955
2420
2830
2415
3685
2240
