323145
441310
341005
962525
484245
678310
274240
709095
385090
1416090
956235
800880
545545
674700
1017320
582065
822760
1353530
856535
792000
849655
981660
542285
620620
536820
857495
717870
1072590
468470
779760
722680
575420
750560
743115
1941950
538620
504045
993130
375265
978545
822535
312475
429555
384880
755850
785235
383030
713765
534420
331825
581735
1363415
741720
940420
499875
516935
732590
561010
713085
541525
343240
626905
1319845
430795
512870
1118710
412240
408160
435635
495195
665450
453415
533890
645220
612120
775200
880570
1459410
858590
1525075
757120
692150
946990
1102510
647300
332755
624000
1006250
423660
1502780
798795
415145
977400
1470300
1680870
452615
633405
841060
449080
1604990
