1666792
1546888
1627120
1486632
2065200
1601952
4957720
3073424
1556080
4064432
3023048
1940224
3419488
1468040
2072184
1963352
5220976
1859112
2278288
1672288
1533880
3263752
2923336
1612024
1841544
1266616
2039448
2355696
1225368
2415712
3125840
3335840
1838800
2900360
1262160
2335384
1422488
2975016
1520624
2292032
1276264
3185560
1262656
1968512
1989848
1411056
1354104
1119312
2472576
2465048
3496944
1208984
2335368
2772552
3575744
969096
1432160
2424752
3909784
1823784
1578696
2038296
1712416
2692560
1317512
2471096
4500992
2363704
5681208
1445960
5068968
2252864
3099240
1746600
972408
1113800
3540520
2376392
2954920
898792
2651528
1710408
851160
1845576
1999368
4528696
1805520
1299096
2051360
1627640
1883576
3867960
1815880
2798024
3951368
2203080
2336112
1451544
1574296
1540088
