765635
383195
382500
315055
261125
420405
493435
283535
275355
430380
311025
325105
361005
439485
317180
227455
345565
830035
499395
282405
420630
373280
337245
284705
394860
245895
248185
475040
259865
326800
225905
303835
379060
371805
455055
367980
274190
620975
547855
278980
384330
197600
249335
254715
337360
315205
338410
596055
556395
454170
427245
486500
249535
459700
298530
397805
334825
480230
236165
517290
410250
313135
324250
281680
472110
257110
984640
215710
387690
599000
442450
326935
841955
509390
681895
543265
346520
302425
226310
495130
310830
339700
236690
299935
366635
465115
306420
297380
530955
355665
473545
441635
319145
229840
305255
571450
278880
362990
700250
503385
