508260
693240
498470
473220
527960
605640
471280
969990
618760
498750
514250
663020
629130
619840
883190
480950
742830
520420
621070
1216930
584650
642230
616570
583420
470410
672120
483980
481940
995330
602880
670890
701030
735620
570980
702130
570170
561220
460960
742070
491670
606740
593970
456030
521700
626790
521650
689500
574370
610820
522790
470350
414360
629690
487990
640490
491000
462320
765250
524920
496270
626980
697970
623140
669050
580120
653110
699680
933230
673260
464370
661780
553830
484480
610350
542170
501190
614800
683150
456820
699930
613250
552330
837780
479680
470760
641490
890720
595910
505450
625370
514460
649640
624440
799450
444620
545330
523460
574890
543380
489670
