21056
20260
24220
16092
27804
19040
20852
25976
23768
20296
17268
24768
29088
23624
31764
18540
25416
26428
21540
21736
26992
21676
18456
26760
23852
20212
17560
18764
23872
23632
30048
25960
22588
25480
22520
28172
23280
26228
18964
18500
32168
25516
20908
25748
29132
23992
18932
25444
18840
25732
17844
25384
26928
28660
18856
25536
27008
34772
19676
20352
21036
29996
26772
21688
24760
25644
20184
28172
28364
23980
20452
23108
27028
22708
22580
22592
20980
21528
24704
23592
19056
22484
17404
20876
25184
21644
20256
51384
28508
23880
26148
32564
21120
23136
22264
27236
25436
21140
19168
21908
