33534
41400
29279
25185
17848
18239
39422
30475
25001
67758
25001
31970
30360
22655
21551
19481
77510
66999
22172
39560
34730
22103
29946
19619
40181
38180
18538
24449
99383
39698
53475
27738
38916
60398
46161
26726
33741
19113
57362
30751
30774
20838
25507
34845
28888
53981
35075
60329
20654
40503
32085
91609
32246
44367
44574
36317
25576
26197
35834
60099
27324
59685
33580
61134
91264
35144
46161
24840
19987
75371
58696
54418
35098
24541
29509
44321
63641
26289
58604
27807
25737
25070
58558
26818
70242
24794
28106
43447
21804
18193
65941
27623
50002
18584
35305
29992
31740
25392
26956
53797
