17820
41382
161001
14073
462687
179298
62157
953214
110343
225069
539463
270999
90657
1608243
615522
217953
528990
217866
330279
423591
103950
678945
134577
507954
299079
149694
114162
533571
257442
446664
45405
301272
4929
567114
100395
153732
200724
388893
39828
572721
22140
286386
143553
149712
9942
70185
1030371
957672
389481
98853
391533
218160
844971
513048
238425
107412
16536
298428
98745
406452
98916
51816
757440
270315
75891
362787
260493
763194
254193
830490
732645
259419
127113
1159548
307860
166698
218283
272259
161106
267270
17526
23022
274209
76743
103200
881238
230181
529812
132753
37149
1209513
144897
465834
330912
634581
76860
11664
381462
46161
90606
