38484
25674
20982
11322
39948
15924
28728
22734
32028
12024
30618
12882
21858
11808
57090
22632
21084
15366
18600
25044
24798
21366
16176
30948
39546
35592
35664
13098
24432
41700
22668
42654
42912
21762
20616
41184
44130
53718
46290
23538
41796
20670
34350
50454
19482
32358
26316
25638
23010
22392
26544
29124
12786
37644
34722
31170
28308
36108
19224
47520
19584
53304
19344
28884
25176
25200
24306
15462
44754
42636
19734
33456
27798
26352
24024
21132
45204
22944
32826
26814
24276
52110
34590
25398
38730
26550
24408
66624
22044
38856
66642
33678
25836
13650
18888
19536
27312
52668
14700
18204
