1982328
7081848
5154948
1395552
7428324
7902216
1719876
7056468
1564860
1321656
3166464
13704720
12419364
8250840
2316276
7163808
6048960
795156
4621320
13516752
1232964
2558664
6058368
5733876
2800140
1347432
16414548
8212248
1700592
3090996
3777828
3887328
5432856
4673940
16235712
1436664
9378768
12101508
5456544
3740988
1043136
6416760
19293024
1205760
2689176
2959368
11477220
1185168
8735424
3937236
1694052
1556076
7502376
1514988
4613784
583068
3143724
6377292
1793424
2226780
7909296
8299716
1497456
12456540
8385072
7662624
2189376
3948912
1229700
443424
2187300
715992
3063552
2393016
2032752
4813776
4689624
3732036
2983284
1234740
1438812
3688596
9398028
847764
2661900
12477276
5047848
2404668
2711880
4626804
12738540
4439916
5246928
1930272
1532904
6303528
3544752
4285080
6772380
1448652
