14464
1000
6908
36240
17364
2128
13780
9244
44112
3900
6728
7756
49444
2612
25784
14048
8956
9580
7448
3100
10320
15496
5116
7080
18220
7168
2592
41676
19476
24736
24732
35192
42872
6328
31624
10024
54688
57528
87076
59504
20804
36016
1940
508
5748
7476
36912
71704
29604
32988
2304
6468
40556
1076
53744
996
43720
864
13220
1516
30332
27632
34144
15920
11452
3752
21676
17152
19424
2668
61712
1364
3100
57720
2372
248
52772
21568
13992
28392
11520
113316
21280
3024
9772
1932
43080
4868
12536
80512
30052
33068
34472
3744
2820
3716
8260
16608
30492
21548
