93748
84364
108330
103960
81512
92874
93656
92552
94346
110216
92230
84548
100510
85422
84134
88596
104604
103500
90804
82846
88688
87676
128478
89194
79258
90022
94530
82524
82892
83674
87400
105570
98762
87814
85974
85284
109480
88826
92414
90160
95450
92690
103224
95634
88918
95082
82018
89746
101844
86894
99820
83536
91862
83674
89792
94944
84180
75486
90298
86710
97244
97612
82064
95174
84364
98716
86204
84686
88366
95128
117300
99268
86112
88596
84640
83996
111274
91080
89930
85192
85330
90252
88550
87952
88182
88964
89470
83352
83352
81236
89010
77602
93426
87814
118404
90850
86986
86986
93564
89884
