193520
211435
184290
189530
208865
219475
230920
253665
244130
362025
227935
280420
251170
256670
214620
334970
231135
216430
224545
328395
232030
225060
308615
271245
314495
231110
216305
279220
210160
197645
231625
256490
217185
281805
203680
314125
270905
261295
257340
258225
211750
246045
289765
246720
233835
233215
320535
272845
233590
203660
219385
229345
229105
282665
233300
239855
241805
220505
220670
185265
262985
251480
215515
241135
211900
283980
204015
268685
204835
275125
242990
244665
279285
226640
244390
291625
207015
309940
221495
245005
265065
239300
228900
217910
235925
215955
250145
236170
245010
225905
204465
275350
205895
226125
341695
261740
300160
252480
243295
214960
