4218
6270
2856
3732
4074
3282
4206
4968
3480
2838
5628
3714
5496
4734
5232
2934
4368
8016
3120
4344
4590
3900
4578
4572
4038
5910
4878
3480
4686
5820
7020
2892
4674
4146
4596
4992
4248
4152
7368
3390
3528
4284
5826
6930
3462
4182
4626
4716
3918
3576
3486
7068
3486
3120
4080
3708
4740
3234
6360
3744
4254
4500
3540
3726
4062
2622
4866
4548
3732
4266
4608
3528
5502
4506
4206
6564
6048
4764
4380
4218
5388
3708
3888
4884
6738
4716
6426
4254
4590
4674
3768
6234
5754
4524
5088
4248
3450
5520
4854
9102
