3727340
236876
12213536
20092248
4221024
435840
2840224
2138568
21074924
1100948
1242596
665456
1268180
130792
2541564
573940
9354856
6915220
201644
1174864
16576508
26209936
1298528
12420904
5062720
4970184
9324056
13216580
4579396
10388792
24768020
7502460
11137336
4949668
720368
13739316
2801528
1816120
1969532
6806524
25996184
19576456
12069860
3245084
18186920
28554316
2900344
1203368
314832
12255896
2142268
2327784
2766220
3419336
2286416
1168376
3016136
10944992
3599328
13060844
1101780
4319680
6910572
2065852
3265192
1950984
16306268
3089828
1777728
12453580
2696960
10628228
5857380
4529776
289504
6719828
1767924
9602256
5544692
12658124
18049912
20064084
1455432
5292112
10246984
563132
2008360
9989504
1503016
5840800
18107788
3301260
3026408
5363680
3686764
8802756
2986324
1029116
4022384
1674056
