222960
269770
258400
411830
319250
221190
271630
210320
296720
419880
382790
306450
296760
217510
256030
237490
224560
218400
376700
283180
246270
304320
325800
272290
316780
332470
386790
287910
286260
210950
339060
289570
216590
217620
243520
231900
271330
400930
325350
255640
283460
323260
240220
389980
286770
217580
274760
209880
273460
224020
313660
355960
215140
349740
313840
226380
257060
288480
255950
323850
383820
234210
223470
229900
233160
208040
262540
264180
223850
253640
361650
290960
301640
215710
330870
301930
278110
342890
325200
308180
472630
216170
300210
232390
236480
259030
258020
333010
234340
375220
377860
238500
367040
238070
292020
206930
343660
358390
255700
247300
