194327
198380
267939
62727
160027
111272
177233
185920
121751
105385
215775
166712
109760
163485
67305
105833
225974
94052
195510
90839
161392
166992
103502
193956
129220
106932
137802
139321
129934
207991
126854
170079
140301
124404
175035
213157
112658
123417
120456
118790
119560
160615
193550
110656
150423
71029
167846
127246
94199
128163
165746
148155
145621
108514
127043
108696
233849
193438
145719
297318
133301
127113
71939
68327
109718
182231
99365
232554
111734
72863
101563
127645
129682
149905
150283
317380
132440
122115
149898
112637
114898
141099
171108
200466
141071
173446
204162
127771
119518
142625
103257
92183
92393
221907
187250
165067
117852
96026
91287
121499
