10485760
2382120
10485760
10485760
10485760
10485760
10485760
10485760
10485760
10485760
10485760
10485760
9258440
10485760
10485760
10485760
10485760
10485760
10485760
10485760
10485760
10485760
10485760
10485760
10485760
10485760
10485760
10485760
10485760
10485760
10485760
4965930
10485760
10485760
10485760
10485760
10485760
10485760
10485760
10485760
10485760
10485760
10485760
1880545
10485760
10485760
10485760
10485760
10485760
10485760
10485760
10485760
10485760
10485760
10485760
10485760
10485760
10485760
10485760
10485760
10485760
10485760
10485760
10485760
10485760
10485760
10485760
10485760
10485760
10485760
10485760
10485760
10485760
10283840
10485760
10485760
10485760
10485760
10485760
10485760
10485760
10485760
10485760
10485760
10485760
10485760
10485760
10485760
10485760
10485760
10485760
10485760
10485760
10485760
10485760
10485760
10485760
10485760
10485760
10485760
