4008
1890
3693
1773
2190
2193
2289
2634
1416
2979
4290
1857
2187
2751
1905
2652
2667
2118
1506
1935
1860
1779
1767
2694
1845
1737
2616
2304
2163
4413
2451
2352
1704
1608
1734
3405
1554
2385
2184
2538
1650
2886
3345
1908
1953
1605
2661
1977
1887
4281
3237
2748
2820
2463
2271
1773
2148
2181
1833
1533
1488
1467
2631
3051
2769
2721
2853
2250
2019
1926
2304
2313
2079
2547
3825
1917
1836
2190
2121
2256
2481
2259
2841
1431
2121
2010
2253
2010
2643
2625
3660
1791
1971
3600
3024
2250
2247
2382
2574
2382
