16606
23920
12696
14099
12443
21735
13064
27324
16721
18354
14030
15502
11132
17227
16813
25461
14214
16376
15824
14743
14605
12259
17158
21206
27439
21137
14168
12259
14283
19182
12029
20585
14720
14099
19389
16629
18906
12190
14835
17296
48162
18469
16813
16675
25990
15157
12351
15456
17411
23414
13685
17848
15042
13915
18078
15571
25093
16744
13938
26128
26381
14352
20953
14260
26105
21965
14122
22931
24104
14191
15111
13225
15249
18975
19872
17043
20976
19159
15295
12328
12673
16698
20470
17112
16215
12420
25070
11477
13961
35420
24426
12374
11822
24840
16491
15824
19090
12995
23690
12972
