136068
146188
104420
155296
133538
101338
134918
180964
105156
142140
204332
108330
112930
329268
86020
230644
124384
127282
137586
271860
106858
128938
98440
241960
138920
152582
103454
115874
92506
142416
142186
93426
158930
87216
170568
114862
87722
122406
98072
195500
109066
120060
149040
99866
111734
97106
125948
116012
105248
148350
97980
191176
137172
167716
100694
131192
148902
151800
106352
140070
100556
119508
204976
101614
149454
114678
140070
101752
126960
147476
242512
92920
95220
141220
271170
110906
190670
89930
119646
106536
112194
165094
109434
130502
107410
125074
88090
91770
132986
100878
137402
145222
117990
94116
156538
97934
200928
121716
107594
134550
