5160
5238
5028
5607
5487
6261
5907
7083
5817
6138
4080
5391
5973
5985
7275
4377
5145
5151
7296
5472
7992
8973
6630
5595
7497
6369
6060
4518
7575
4041
4806
5229
4545
5748
5112
4410
4683
3981
7674
5265
5733
5442
8376
6093
6066
6987
5586
6966
6204
3996
10080
7011
9600
6354
6147
7227
6750
4353
7131
11505
7419
5091
7038
5871
6897
7812
7221
6717
3735
10305
6528
5310
3624
5496
3996
10737
5250
9687
7431
7209
7734
4947
6336
4686
9042
10545
10293
5172
5160
9804
5607
4848
6126
3450
4557
4794
6666
5109
8130
6747
