23592
35380
20020
30440
19456
27716
20300
33536
18644
22564
50580
49096
34332
22872
16832
18592
24328
36908
50004
20564
38080
21000
34808
25048
20984
17876
40556
32296
24408
27060
36200
25684
29828
31144
26716
57868
26640
38032
41076
33380
44444
34528
26580
21204
21880
24356
90528
30780
23812
19044
17844
30692
23200
30360
32308
20892
32976
54260
29432
42400
21408
29624
26772
33172
24116
34988
27660
43624
44376
21924
20452
35864
61132
21020
41404
49404
20684
19284
27368
33336
23888
36492
29992
23904
58488
26552
27480
36856
23696
18952
31748
56216
23216
20820
30328
37104
21320
24428
29768
24768
