17622
16995
7092
12141
5142
19230
11535
16650
2535
4803
9708
8490
6939
16062
2835
1932
29163
4941
10968
2619
8247
6657
10917
6768
6981
18102
7230
6330
11496
6444
3030
16329
10452
2712
8718
4161
6708
11475
8724
6108
1890
5133
10041
4791
6591
11802
11796
3546
13245
4494
7263
3963
11001
2226
2703
6000
10959
5517
13242
6873
5436
1791
1851
15246
15633
2097
14499
2499
39741
15441
17532
3870
46929
2628
11952
12642
13965
9171
16188
17673
4527
3180
3243
6378
3519
8997
10497
7563
8031
9039
11076
6387
4839
11721
24429
5850
36552
2742
3417
3660
