67752
53448
63692
43224
69540
56760
105484
82044
47568
97900
136324
60684
113956
52372
102096
83664
84872
91736
75604
92464
44012
73728
59500
39100
42060
102124
156648
56956
43348
80716
78940
56632
59832
53684
52196
57808
62596
61244
71080
42920
174068
46892
62160
62028
63912
46624
73652
53820
87156
69856
61504
80292
52648
109908
65092
96864
63504
62812
51696
67096
38256
63508
52000
99300
46740
91868
58960
75880
39656
55844
87648
78756
46760
51256
59804
98588
60176
59868
88828
105300
58944
118100
81728
55892
67396
57260
51424
38000
58676
57560
43916
51856
84148
74120
45680
90744
64928
52828
73420
181568
