110040
94124
107680
84076
115320
104540
135352
143084
120588
81948
108564
157780
90916
123812
83720
107804
118992
94404
91052
85892
79148
123860
100732
98616
100712
141736
124000
115960
90280
94832
104912
169464
147292
134820
105868
91580
114900
109488
121044
127448
101852
104136
104048
104452
125416
88128
104632
90052
100020
101132
91864
109604
122748
84816
84264
118736
95420
93572
83320
95572
91200
89284
135256
68252
99964
113932
103188
126400
92636
88736
118984
89512
91968
190792
93964
91764
97780
124508
116748
108992
70604
85164
109832
127452
100492
66816
94536
81192
127700
89732
139456
106620
97060
134816
95056
115712
109924
144172
121828
129856
