41152
57504
53200
49096
46936
42880
47120
47368
44416
46504
48448
47280
58088
51224
44040
49776
64384
54072
63896
69576
63736
45392
44440
47472
68232
51264
56080
55232
49400
48608
39192
50144
61312
48752
49840
46624
43472
75256
45456
44576
48216
41144
62944
46672
49808
55792
54288
53856
41880
45896
69032
70072
59912
50520
65784
38696
53912
58024
53048
38896
52224
46648
59288
52776
46416
55192
49760
53232
52528
62768
45560
50872
49048
48312
42256
62664
63424
53240
44608
45728
76848
58384
45304
46880
46344
52752
80440
42752
55296
49952
41416
56592
42392
54872
45952
50200
41872
76456
49680
49112
