196608
196608
44166
57318
196608
103638
44946
40464
196608
179316
142080
196608
67698
196608
114222
62340
196608
196608
67074
18690
11376
196608
196608
196608
143484
19398
63144
9444
14652
196608
28338
62112
72966
196608
63204
17892
178518
37044
64506
196608
196608
165930
155556
80280
108156
196608
144126
196608
196608
61782
169746
196608
196608
196608
52668
13140
61854
105954
35772
196608
148380
155886
196608
32178
55362
28902
80370
196608
196608
69366
196608
7824
196608
107142
186792
196608
139458
196608
14682
20634
189750
37860
196608
196608
196608
61704
146886
196608
107514
75270
18348
196608
81144
196608
155244
28746
96342
104334
14220
196608
