321935
425735
336325
328305
456305
413605
323740
625050
274270
455755
416780
510105
463150
367695
508510
485400
461345
309950
472840
343455
427455
383035
320020
346400
640805
270890
309115
464130
369410
350375
357675
333495
463335
696905
343135
491360
443755
338780
499585
476430
493610
331290
309850
350615
463470
405905
472420
660690
385315
516115
360675
399400
488390
502265
472525
402000
394915
588775
466030
418470
343210
480845
377690
362885
339900
385385
430830
390060
333870
695715
360950
304600
324420
662585
457690
364885
434850
411650
363635
394105
613965
333330
500435
771890
411625
662935
375690
476935
304590
538355
341950
411130
429870
386130
462430
388675
435970
521025
401450
528215
