11726982
9526113
9531549
8580744
25359741
8455635
7929198
12047571
9954162
7071219
11368728
5823612
6247278
6936615
10676988
9789444
12564171
22633911
10078290
6210414
12505743
6846813
17782029
13274712
9704484
6805512
11157939
24680970
12578436
13299084
7294131
8806248
15147603
12789576
17777871
9853083
6392547
14632488
9842805
13230297
10390050
5818167
12054348
10679391
10931346
18041085
7433109
13060575
9954999
12201759
9674874
9261549
5612778
18149598
7961508
7704144
11147130
10295037
13300767
11149452
6798123
10401831
16243452
12674727
8437608
11808675
17191836
9331470
14538402
9242541
16027443
8786412
9406575
10590606
6964578
18118107
8898831
9406881
9302427
6711795
7862868
8485749
10293930
10083024
9235215
10174572
8348742
6348996
9288801
8664912
9838692
23348250
6105555
7474527
12057255
6701778
9690264
11490642
13673466
8534673
