8727366
9402939
25325409
6325773
6183099
7748256
23917890
45312798
13829961
8949246
12770355
56138220
12712176
11761575
9478791
23006763
4478622
1898364
10738476
6166200
13874595
17217243
37582860
21620142
68521446
6387951
16856430
2593158
9737436
18760083
48439113
54007914
10215381
27531825
15380799
117036798
14478573
12177600
15431496
24549087
15003603
34078833
32377323
5169417
25785423
40851462
5580024
31253604
24927831
18974997
36636516
79984902
10705710
32889840
40460592
18595479
4234683
23874804
20165796
19034208
11847360
3286791
20188629
32889195
31624737
29135811
10204674
35643732
40447563
2391789
22738443
34463640
8962533
33878754
5681805
8000580
8980851
5559642
35742288
22530366
7701042
10015947
38208381
9931968
18236601
35995515
44938569
137238456
3061557
9622110
12715659
17952801
68629161
22000176
3402633
15459747
25705572
32369841
8954664
3918891
