3228
1944
1668
2160
3480
3756
3252
3516
2388
2676
1920
1944
3096
3576
1812
3240
2472
2856
2568
2148
2052
2892
2724
2388
3000
1764
2112
4860
1680
2832
3168
1872
1860
1896
2880
2316
2004
2832
2412
2760
1800
4524
2064
2988
2532
2100
5040
3456
3696
1932
3228
3216
2472
2400
3216
3264
4404
3384
1944
4452
1920
2652
2076
1752
3312
3264
2076
2208
3336
4632
2172
1944
2436
2916
2268
1668
1968
1908
3816
3288
3672
2892
3312
2076
3984
3096
3684
2076
3060
2436
3996
2688
2988
2292
4392
3048
2604
3096
1812
1740
