92433
40260
68112
43197
34155
101508
73293
37290
44814
51513
40623
66924
50787
77550
55407
56133
50688
38181
53559
37158
44781
40326
36465
49995
164241
49071
44715
38148
37323
75075
41217
64284
36663
69927
47322
91608
39402
41316
47058
46200
50358
48708
43758
57024
42834
34320
59202
49335
51117
47355
38280
64845
50127
66858
37587
45837
43956
41976
38577
72864
35013
91641
43230
57585
40062
41415
38577
48345
61611
65571
50886
41118
38445
50226
38742
48939
37917
38049
35112
67452
43692
61611
34254
42966
60555
32604
58674
43857
58443
54318
77550
66528
31713
44946
43989
118569
33891
47256
42141
38577
