21186
26829
24618
27126
20823
23298
20823
23199
38808
32604
24849
24849
38874
26697
29106
24618
28677
29337
23859
28413
25707
21285
20262
21549
29073
19800
25773
25905
28182
29568
31581
20097
28776
25707
31350
35079
23826
27357
35277
26565
27951
24288
24387
25740
23067
26829
24618
23232
28842
32043
35145
24321
28545
31053
32175
42702
25410
23892
32373
21054
21648
24585
26565
25377
25014
24849
26829
24486
24222
28941
29799
23001
25080
28908
22968
25146
26169
27588
23100
26994
26466
24024
25740
25311
28545
23430
25179
28380
39204
24189
24849
25740
25245
22539
20955
31152
26367
31449
28545
23100
