941880
599335
624735
800375
630085
1178330
1309650
565615
562005
2225625
636150
520945
817640
1346880
691385
1834315
1013545
804430
503420
494345
1408570
636960
734290
602080
1364330
553335
1006315
939745
499070
1076980
929595
745870
702340
643610
525155
878800
472795
573710
830445
647635
471880
821350
526755
798120
795360
1304365
695075
992880
1787140
1173470
552895
650560
767215
455070
715715
767770
536785
732770
690575
611655
574185
693775
728610
1420400
723195
769785
1197125
566365
481765
866070
588565
2753335
700735
1068490
1798700
580915
696890
622950
891685
539300
744335
874975
1145810
960820
2325975
574090
836185
655545
571465
1000035
526030
578805
851890
526935
559695
694110
898650
780295
911830
978515
