36461270
48421310
54630580
64054060
30603700
44301570
33993060
40294670
38251040
64341230
24934750
37325930
36756570
38215100
37693570
31785620
48250190
65579240
38510320
35983640
43645740
26791420
35992480
32194680
44273850
40829660
31129640
41391590
40344660
46658570
39495720
30625160
33238380
39377420
37761920
32119930
46990500
57331340
42360600
29244170
57005110
28553770
39302450
35706790
37816790
45603630
34346300
50854570
73404800
55866730
56833230
36492340
55641440
41407570
30513420
32783760
44933450
22442200
51333100
44431950
26725100
28047310
29464490
28565390
36937780
46117550
29313680
43262810
40602770
43070380
31589440
44774480
49444550
58610770
52254530
69128200
32938330
31530490
31024130
57809260
53780190
36943850
45627150
40379060
50759670
41253910
36999950
42030720
44082680
40193860
35714560
44794280
35354700
39004980
44955010
31203420
51276730
31566830
48288020
39455520
