6710
6870
8405
11250
3865
11470
5280
14970
4485
5510
4835
6060
8035
7015
21500
12250
7875
4550
10445
6655
3950
8305
17095
16435
14195
4690
10330
31005
24005
10595
13775
9310
7720
5795
15360
14255
11890
9755
12280
16980
3105
16895
14170
12465
4675
19875
1535
26825
15825
22065
17725
6885
12430
4275
7445
15180
10185
16385
11110
13015
5135
8320
9240
7455
5925
13715
11080
3870
5570
12465
28230
5990
7575
7145
9395
4050
12540
4955
21575
7470
9060
7020
6660
21850
14460
12955
11790
10835
5605
14405
31645
3150
3975
21505
14000
8495
10860
6530
7600
9550
