1226448
1101948
1770492
2972556
1833780
3661824
1255128
1520160
6115812
1056456
1487088
1551612
1742460
382560
6484752
797028
1530600
2247468
2148636
5182164
1233948
680604
1469100
1618092
3011184
632172
1472880
780444
4247364
1078344
3261000
445644
2127588
895932
762672
1272480
905232
3200772
244332
2567664
1038828
3789168
2407524
2055156
1587444
2684832
2858712
7271820
930048
1324716
1621056
1480560
2900592
1703940
1914264
700620
659160
825996
1419432
926280
2522172
2017812
1094424
2052516
935268
803424
451020
3146760
3210672
1003668
2100936
713664
2388444
580452
1870548
919464
1485948
4619400
4554012
1345380
1436796
2486652
3964968
1505364
1946316
2676216
804504
514140
2184288
3472656
2522556
5455512
473328
955272
2950680
1389852
2942976
3339408
1717968
1911492
