555737
593593
643552
607425
554281
594139
562653
651105
610974
682318
594048
610610
568750
573300
568932
573664
613522
547638
567567
618800
602056
641368
563472
617890
587587
606060
603876
566111
603785
603239
540540
565474
627718
549094
641368
580125
634907
553462
578032
597233
681226
582036
554372
635180
581945
582309
574938
604058
618709
563199
617435
585403
575302
588315
578032
603694
575939
602238
588497
591773
582855
594594
598416
564109
599326
580307
614432
622804
592319
572390
605696
580762
571753
610974
633997
585403
581126
562744
600873
681499
548275
645554
561834
571298
587132
590317
586586
553735
683319
595049
607243
645827
546091
594048
571480
594230
663299
603148
607698
584493
