619710
896077
3155152
1978704
2350621
3037125
1879423
3179449
1312493
7630532
1173809
2527525
2390570
676858
1907269
1942941
1925196
1767766
746473
948766
1504503
1241513
2041949
1131403
1893073
2365363
654199
1422421
4234594
671216
2964325
1685320
6715527
2078076
2322502
850486
642369
1264172
1053689
1985438
667394
1189279
2974790
1467648
2622074
2386202
2712528
5358535
5111015
2538081
6700512
679770
2046954
5277454
5155423
6015191
588224
1253798
3917186
690417
1446263
2372097
1952041
1939756
683319
2771223
751296
1356992
1444079
761033
664209
1709981
1677494
1399125
1954862
2325778
923559
988169
6397937
964782
557102
2743832
1029210
5949034
1265264
659477
1558375
1200290
1626170
4801251
5136131
3921827
1724268
921648
2977520
610792
1479205
845299
1236235
1456273
