23400
22880
24050
22685
26260
22945
23725
24050
23140
22295
22880
23660
23270
23725
22035
23270
21905
23530
23400
21515
23465
23790
23595
22295
21710
22880
24440
23985
23595
23075
23725
23530
24505
23595
23855
23465
23920
22490
24245
22685
23400
23985
23140
24050
22360
22425
22945
25805
22230
23660
23335
23140
24375
23270
24505
22165
23140
22295
23530
24505
22165
22880
23660
24440
22425
21840
23985
23595
24310
22035
23465
22815
23595
21255
23985
22035
22685
24440
24245
21190
24960
23335
23010
23465
23725
23660
23855
23725
23530
24180
24310
22165
23790
22815
22620
23205
23595
22815
23920
22620
