109649
115577
115064
102353
120270
111587
110409
109687
130416
134045
112385
113753
115539
111492
104082
114893
110580
119130
106362
119567
109611
110257
103398
112765
101555
106913
115444
101688
132715
110561
138377
102866
119624
105393
129466
107445
130397
109592
105906
107806
124051
105754
104747
111910
112499
105431
106685
112974
118028
116546
108832
116565
117952
113620
138263
123861
110656
109706
120802
113563
109763
121999
130112
112746
104690
115919
126920
123842
117382
106438
111340
107255
127623
105602
125096
109592
97280
109231
103759
117382
108300
103911
107787
109003
108642
103721
120232
134444
113316
119548
117344
104785
110732
118693
112708
108490
119833
113392
109877
106989
