2645
2369
3542
2645
1679
2369
3450
1656
3956
3381
3772
1771
2668
1748
2990
2093
3243
2576
2369
2783
1702
3335
3105
3151
2668
2300
2737
2760
1955
1978
1633
2231
3404
2645
4738
2139
3680
1886
2783
2714
1932
2047
3496
2737
2852
2277
3013
2507
2461
3910
2185
2093
3220
7774
1518
2668
1909
2392
2806
2898
1909
4094
2530
2507
2047
3082
2921
3312
3772
4324
2645
2783
2070
3036
2645
2323
2760
2300
2024
2369
3105
2576
2691
3956
2622
2852
3243
2852
1679
3657
2231
3404
2622
2415
2806
4002
1840
2116
2530
3381
