3630
2717
3124
2816
2849
2035
2695
3432
3333
2926
3179
2508
2849
2475
3003
2431
2662
2915
4367
2794
3509
3454
2607
2519
2486
2442
3388
4103
2695
2860
2992
2937
2871
3751
2288
2310
2838
3014
2673
2739
2629
2992
2134
2618
2838
2178
2926
2662
2431
3707
3135
3003
2783
4136
3432
3575
3212
2970
2464
3487
3223
2398
2728
2398
3113
3223
3113
3157
2585
2431
3025
3201
3454
2486
3410
3245
3179
2321
3575
4521
2838
3553
3014
3190
3960
2926
2288
2343
2827
3278
2959
2761
3729
2222
2662
2904
2354
2783
2937
2442
