8595
8235
8460
8100
8820
8685
8145
9135
8550
8415
8460
9360
10305
8775
8685
9495
9045
9180
8415
9180
8820
9270
9675
9315
10215
9270
10350
8730
8955
9945
8865
8640
9225
9090
9855
9045
9450
8865
8685
8280
8460
8820
8910
8460
8820
11115
7830
9945
8145
8865
9450
8820
9270
7965
9540
9045
9045
8820
8640
9720
8640
8370
10305
8415
8460
9225
9360
9000
9045
10485
9315
8820
9855
9000
9585
9135
9495
8955
9270
9225
9135
9720
8415
8775
9090
8595
8955
9585
9495
9135
9360
9090
8910
9855
8415
9045
8865
8460
9135
8820
