25965
42015
29415
29295
29730
24465
31440
34455
30900
29640
26940
24960
26190
24375
25665
25320
25350
27420
24570
31545
28980
32250
26670
24840
30000
29265
36225
36555
42555
30360
29220
23955
29325
35325
30585
29610
28065
26235
26625
25860
25440
26250
25455
33105
29370
31905
29940
35220
28830
33990
24705
33960
41880
23955
28500
28365
30510
27795
29775
26115
26880
37080
23610
25545
28935
29850
32850
24150
23415
32430
32805
26190
31020
28275
33660
27555
24990
28320
30405
25275
33870
28710
25335
35025
25110
26430
33795
29130
26025
23640
25965
29325
28365
27450
31785
28500
29310
31245
22530
36165
