63223
60826
54927
51493
66827
47736
51425
59296
53601
47328
57035
52581
63648
63172
48586
50966
57052
53397
53686
48127
52445
54570
51952
58956
52275
55607
47923
59296
65433
54774
52207
61965
51017
48943
85901
54179
51714
51238
52530
55420
51833
55760
52598
58531
56202
49470
66011
49096
61013
50422
54774
51204
55029
62832
53176
50490
56372
49895
51765
51867
56729
63478
53601
55420
56236
63121
53244
56576
51799
53822
54196
64821
51476
48076
56389
55029
47583
52802
57851
56627
57817
52411
54077
49470
70193
46869
49759
48416
57001
63019
56185
55182
57273
64107
49997
53125
50371
56695
53431
55369
