135128
126540
125951
134444
130967
126483
119301
121391
128915
124355
135679
147877
114703
125723
113126
119206
119035
114475
114684
115444
130283
129998
122740
120593
137864
128212
110238
105849
138149
124583
122892
119586
119187
171000
116755
136211
131347
128839
129561
115007
130511
116983
137123
148466
125039
123576
128383
146490
107103
117458
109155
109573
125571
129789
124773
114323
156446
162412
124013
125989
144134
124089
122151
134102
119491
123253
136762
113506
120156
116470
131917
118769
120688
116888
135014
106134
128193
111682
119358
115710
117078
122873
116698
118579
115273
113088
112480
110637
122455
147212
133855
111777
109877
144172
111625
116470
123462
120365
145388
125704
