13005
13545
14355
14040
14625
15390
13950
13365
13635
13860
14445
13185
13140
14985
13815
15435
14085
12645
16605
13590
15210
14220
12870
13185
14715
14310
14445
13410
13095
11925
13230
13185
13275
13635
11115
14805
14985
15525
13095
14400
14715
13950
12960
13365
13230
15435
13635
16335
14760
12960
13050
11925
12330
14670
15435
13725
15435
13275
14265
15885
14940
13545
13770
12780
14580
14490
15615
15525
16020
12330
14445
15030
18585
12915
14355
13905
15255
14580
13005
15705
12780
12780
14220
12465
15435
17460
15660
14040
12150
15345
15750
12465
13725
14715
12915
15930
15525
15120
12870
13365
