40866
36456
43400
30436
44660
42630
55167
34727
29974
37114
33691
40229
49119
33418
43323
37905
59717
39984
40838
35546
38955
36491
37478
48783
64218
48853
44520
52990
36631
43890
46711
38164
44604
44695
40453
37891
38297
36085
41566
47026
44555
30926
35021
56091
44275
47719
40348
45416
39921
39921
43029
30464
41979
54621
34013
40684
45675
40446
44555
40873
37884
32956
36267
41552
45045
37282
37065
42273
35238
43085
40537
38955
36064
52276
44422
40264
30793
48398
45570
36974
34006
33103
34244
48153
31528
34076
48510
41923
42161
36015
42567
38059
36260
35294
35371
53179
39347
45738
50204
47481
