7618
5707
5473
7332
6903
8593
6630
5837
6201
6240
5408
8372
6669
6760
6097
7995
6396
6383
5772
6799
5668
6188
5837
5590
6188
6357
5460
6396
6955
5837
6591
5408
5200
8554
6760
5590
5993
5863
6526
6890
5278
6526
6552
5291
6552
5057
6305
7046
7852
5655
5096
5109
5694
6006
5135
6240
6656
6825
5356
6058
5720
6370
5226
5564
6578
8255
6981
5525
8437
7319
5993
5850
6032
6448
6851
5993
6500
8957
6409
5980
9243
5694
5993
5083
5486
6890
5824
7033
6357
6656
5941
5993
5434
7735
7098
6032
6656
5694
4953
6487
