1539
2619
2430
3429
4698
2097
1269
4554
5634
3168
16047
2898
2754
6084
6237
1503
3627
765
846
5679
3708
3150
14319
25614
1791
1530
4437
4059
1026
1170
6138
1737
6921
954
2151
11961
1044
4104
2394
5391
2007
2907
3006
1152
1584
6075
2988
3303
4860
10656
1692
4131
7209
3294
5382
846
14274
891
1152
2889
3861
1521
6669
2997
2097
2052
747
2376
3276
15615
12060
5814
11007
2718
4905
1989
4113
4185
4050
1341
3132
9567
3888
1260
5526
6300
12861
3537
1179
9639
5355
1890
6273
2394
1836
1161
11115
4572
1881
7857
