7891
4849
5369
4784
5564
6305
6214
5876
5369
6669
4693
5551
5304
5590
5720
6591
5850
5382
5369
5707
5616
6188
5343
5603
6682
5057
6409
5694
6084
6201
6565
5447
5148
6162
4966
5551
5850
6409
6786
5798
5278
6552
6526
5668
6136
6305
6032
5109
5941
5681
6162
5707
5499
6513
6708
6435
5863
6721
5681
5993
5694
6240
4693
5993
5525
6266
5837
5681
7020
5694
7254
6864
5135
5291
6162
5837
5772
6097
6695
6825
5902
6136
6084
7007
6175
5447
7098
4511
5772
7358
5850
6682
4875
4758
5473
6240
6253
5603
5785
5122
