47229
48104
45514
42413
61705
53298
33173
46221
45948
44275
33691
40229
49112
54033
37821
33040
48272
42252
39809
36302
45262
32690
55713
38801
35938
71183
41762
67781
69398
38269
46711
40866
47460
39347
40453
37968
42252
49679
61460
36519
64645
35784
66255
44289
39445
36680
42917
40082
48034
35602
51485
36092
59752
47894
49539
46767
39382
45892
36967
35280
37884
32956
36295
55454
46256
52409
33712
50225
69139
36015
40537
38955
36064
52276
44422
65002
34538
58219
45661
38451
34006
36015
31269
48363
42084
44800
39830
39424
31696
38983
42567
38059
57834
46879
55496
39347
45752
59521
55412
35364
