2937
3432
4290
3531
4158
3465
3696
3762
3399
3432
4158
3399
3993
3531
3531
3597
4125
3432
4191
3729
3300
3366
3564
3597
3432
3168
3036
3531
3795
3498
3564
3366
3234
3564
3762
3465
3333
3894
3762
3531
3498
3432
3927
3861
4092
3333
3531
3036
3300
3498
4158
3465
3597
3630
3465
3498
3861
4257
3069
3960
3630
3663
3960
3465
3762
3960
3234
3234
3993
4224
3795
4026
3828
3300
3267
3993
3201
3597
3630
4290
3333
3333
3531
3036
4092
3003
3861
3564
4125
3333
3861
3399
3498
3630
3927
3795
3135
3531
3927
3597
