4686
5412
5742
5775
5082
7359
6666
5115
5874
6105
5775
5907
5577
4587
4983
6138
5214
4818
6303
7194
7590
5412
6072
5775
5808
5841
7920
4917
4554
4356
5247
6303
6204
6006
5511
5346
6006
5874
5445
5841
5940
6996
7425
5379
5940
5478
7458
5973
5874
5148
5478
7161
5148
4752
5973
5643
5148
6072
5973
6666
5280
5544
5808
5313
5808
6402
5478
8151
7755
6402
6402
7557
7359
5907
7755
4818
5907
6006
6369
6336
5511
5577
4752
6534
7392
6336
5874
6237
4653
7821
5445
5016
5577
4686
5082
5874
6501
7029
6237
5148
