246411
216524
223421
249052
228741
223250
235600
238583
240388
229216
233472
239875
223687
249318
223041
227639
228475
231420
241832
225359
249584
254258
227677
228437
243694
235144
236778
227772
246202
213940
217645
245879
220590
208107
214567
222528
217512
205941
271092
237519
220438
229273
227525
245271
228874
249831
241756
222756
218234
208563
210444
228342
271263
223212
248520
229102
242554
238792
220970
233719
240255
224770
259692
237310
225169
230869
209950
278274
217759
256785
236930
232351
222395
225321
222072
226575
229653
234973
230888
232370
222547
229919
239514
257070
216695
259939
283746
218443
230831
269477
230128
244929
226613
246107
226252
225796
216049
212401
227696
215764
