342135
321453
303534
326925
353565
305784
395487
373950
342828
301770
333909
331074
394506
325422
308574
336915
318339
410652
313173
319365
367227
321705
400059
625896
323343
303741
397143
298053
302688
320085
299817
283878
338868
778176
442143
503154
367164
353808
370809
313074
305496
306540
398079
342567
411156
508788
355032
287118
365787
312804
296676
347976
298359
295461
504297
285957
434457
332262
392850
289431
364932
350541
322353
374373
337383
329121
440973
309987
325728
352314
330228
321849
301257
378468
393471
271260
335196
279675
332109
314073
337941
362106
320130
379179
390582
288666
448497
358785
332775
315189
341388
309375
344646
339957
324783
368757
393048
360657
358452
310932
