34125
36725
36660
41860
36400
34190
35815
36660
31850
33150
33215
38675
34515
34710
37765
34775
34125
31980
35230
34255
36595
40365
35815
37440
33540
33280
36270
35295
35230
33345
35165
34385
32955
40300
39195
33280
32110
33670
34970
33150
34515
37895
34840
34320
36595
34710
31785
36985
36595
37310
35360
36010
33410
35750
37180
36400
35035
36660
33150
36270
32500
35295
37570
35295
38090
36140
36010
33995
35425
37960
38805
36270
38025
36725
35165
36400
32955
34320
37895
36205
32695
34190
34840
35490
36335
32760
32825
35035
31525
32500
33020
31330
36205
35165
34775
33865
34125
34320
35490
33670
