59605
60333
61698
59787
61516
60879
58968
59696
59332
58331
60151
60333
58058
59241
57603
59332
58513
60515
59969
61334
61880
57330
57876
59332
57876
59332
61971
57876
60151
59241
58968
60242
58513
60424
59878
61880
60606
60333
58058
61971
57876
59059
58968
58877
60333
60697
60697
61152
58422
58877
60515
60151
58058
60242
59514
58695
59514
59787
61334
57603
60515
58877
60060
59514
60879
61061
56784
59514
58786
59423
60060
57967
58240
56784
58968
59696
59332
60242
60333
60242
57057
59605
59605
58695
58331
60879
58695
62426
58331
59241
62244
60788
59150
59150
61516
60060
59969
59423
62426
60879
