4510
4130
4820
4270
6965
4835
5000
6890
4790
3820
5285
5060
6880
5845
7735
5765
6635
5160
4675
5395
6160
5280
4625
5310
6795
4870
7065
8935
4705
4355
5825
7770
4115
4795
6415
4965
8225
4125
5390
6500
5400
3580
6710
4570
4575
7315
4125
5150
6850
3680
4000
5785
5070
5775
4530
3535
4535
3705
3890
6375
5080
6035
6655
5755
3890
6145
6740
3820
12515
5895
5675
7145
5860
4620
3640
5255
8840
6745
4245
4510
7375
4825
6820
4840
5335
4700
4640
4695
7190
4455
5025
5095
6975
4030
3805
3715
3620
7985
4940
4970
