118817251
194121088
25234867
109692023
114709448
247184063
14794857
137480910
242621372
312694508
100315614
34906466
279615371
60918305
18262832
24645180
245413371
575323
10692262
103301639
22475621
138102286
114620975
24443230
34589961
263427871
21132881
60329325
162785861
14089376
193689083
84878052
28659547
14197274
100688770
4139583
319526935
316705746
76171494
397135935
56328454
85449434
154232169
45686809
582826958
94073420
193142572
22817382
4056402
77291312
45891139
150982188
24368729
65897209
452887428
59184727
139758227
27595883
324014278
147409661
7713020
366184007
98221375
343209503
170139004
140184107
124682376
932996659
134084055
23694706
68398470
362473006
111321035
81206006
77743729
182547652
212874312
56228501
24473197
104307266
408171764
26856480
121272907
182115696
242656071
59509709
206698163
467638444
34873426
83739789
158749983
390101586
287513772
116036683
34665897
180559981
55415605
4594009
291684519
139182785
