155316
155187
155961
157638
159573
157509
161508
157122
157251
156348
157380
154800
154929
154542
155316
159831
158283
156348
162153
155316
160347
157767
158541
158025
156348
157767
157122
156864
155703
158412
155703
152607
157509
157380
156606
161637
154284
155445
159057
155961
159702
159057
159960
161637
156477
156864
150156
162153
154026
157122
161895
155961
157509
155574
160476
153123
154413
164088
157509
157251
155703
157767
156864
158283
151446
155574
154026
155703
158412
160476
160347
160605
156864
150930
160218
155058
155832
158412
157509
154929
154929
156090
160347
156348
163314
158541
156477
155961
161637
163056
167442
156606
158283
158670
156606
156606
163830
158541
159960
158541
