220125
1310720
405170
1310720
1310720
1310720
196170
1310720
1310720
1310720
1310720
646195
1310720
1310720
1310720
375885
1310720
549310
1310720
1310720
1098130
1310720
322760
209480
1310720
1310720
1310720
33260
1087255
1310720
1310720
20710
1310720
877335
863685
161620
973280
1310720
394700
41695
102080
1310720
1310720
80435
1310720
1310720
1310720
32765
1310720
639525
238815
1310720
96240
1310720
1310720
1310720
922250
1310720
47485
1310720
1310720
542475
272425
1087025
332380
1310720
1310720
1089095
1310720
1310720
631415
752195
1310720
1310720
370965
1310720
1310720
1310720
1310720
1310720
661105
1310720
99710
648720
436380
133385
213195
256235
1310720
1310720
1310720
1310720
382660
976400
895770
1310720
1310720
741695
1310720
3785
