224998
225606
226347
245822
237519
226081
247399
223421
214833
217835
206397
221920
246316
226803
243523
220875
282872
225568
211679
252928
219469
231515
215289
217702
250610
230014
254771
211869
224181
250002
232522
215270
267330
228304
237462
253441
245860
233244
277533
245404
237272
237405
257108
230337
214567
228095
274721
216011
223022
246392
225929
268318
226024
234042
242592
271510
228285
220381
245746
230584
231895
242383
225948
230774
216334
221312
231382
263967
237006
221806
259483
235429
218595
212173
205561
219241
228912
218557
215631
242649
253593
220723
262314
233073
255607
263378
224219
239096
232142
273144
244492
240293
224200
215460
248691
253859
234004
240065
218880
223155
