1114866
1099960
1117179
1103815
1103815
1115123
1130543
1116408
1099960
1107156
1113838
1111525
1107670
1116151
1099703
1108698
1112039
1100474
1118207
1103301
1101502
1111011
1109469
1098675
1116922
1110754
1125660
1106899
1107156
1113067
1109212
1099960
1103558
1113067
1104586
1104329
1099960
1116151
1102273
1107927
1115123
1104072
1116665
1113581
1114609
1101502
1135169
1119749
1106128
1113838
1118978
1122319
1120006
1116665
1117950
1123347
1099703
1113581
1111268
1107413
1100217
1117950
1093792
1108184
1113324
1106899
1130286
1103815
1110754
1102016
1110754
1115380
1117950
1116922
1108698
1119235
1107156
1110240
1116665
1103044
1114609
1118721
1104072
1102787
1118721
1125660
1111525
1101502
1110240
1109212
1124375
1110497
1108955
1104843
1107670
1102273
1095848
1132342
1111525
1125403
