403497
449712
393948
305541
364779
287775
318753
337077
317772
338112
341757
304893
355491
321381
283374
302670
294714
338184
279243
409059
391941
299745
374850
372366
298440
297882
305739
324648
271179
313065
331299
307872
315387
333252
282843
295479
345483
347364
318591
363168
361404
277560
398403
317664
295227
280116
307305
340470
392643
312723
317799
286947
290511
335853
299862
304902
359838
346284
300114
332703
304083
394344
288954
340713
345582
298971
369153
322326
329922
364185
527355
311535
361179
293517
346059
311625
331452
292599
307611
335412
335034
342252
287208
332325
291051
392058
328176
296388
345546
290277
270468
354060
303867
433116
339966
325215
339057
334953
275958
291897
