75837
98304
4998
98304
98304
98304
98304
98304
80391
98304
98304
44460
76695
98304
98304
75414
98304
75303
3630
98304
98304
98304
98304
98304
98304
98304
98304
98304
98304
98304
98304
98304
98304
98304
98304
98304
98304
98304
98304
98304
98304
98304
98304
98304
98304
98304
98304
98304
98304
98304
98304
83907
98304
98304
98304
98304
98304
98304
98304
98304
98304
98304
98304
98304
98304
98304
98304
98304
98304
98304
98304
76677
98304
98304
60033
98304
50709
98304
98304
98304
98304
98304
98304
98304
98304
98304
98304
98304
98304
98304
98304
57594
98304
98304
98304
98304
98304
98304
98304
98304
