7105
9338
7224
8127
7763
6692
9072
8267
9296
7581
7959
8568
8344
5740
8729
9107
7175
6874
7875
7518
7287
7056
7840
7672
9114
9520
9982
10332
7805
8274
9618
7945
10220
8218
9737
8708
7420
7882
10451
8449
8561
6818
10339
6867
4900
8078
8918
6510
6979
7679
10108
8589
6699
7728
9037
8323
9268
7889
6139
7616
6391
10122
8036
9051
7266
8778
8687
10409
6895
9254
7007
7448
7896
6839
8687
8029
6993
9520
7770
9485
7714
9352
6391
10619
6475
6027
6972
8680
7826
13790
7749
9345
5873
8134
11515
6986
7896
9436
7217
8869
