129852
166167
172080
146151
170109
156411
139149
142920
173313
161694
149238
146466
151299
153540
145935
170100
147708
176229
144513
147861
157635
196902
149157
173376
162594
211464
142821
149373
206028
144099
160461
123021
153585
138366
130410
166797
231894
198513
162774
156681
189873
126108
147897
147879
133848
136305
160119
139356
142605
150237
137232
156825
148392
157176
164691
178389
156231
148950
137853
172242
169740
186525
146457
182412
150129
133776
141813
147987
153378
215406
156285
136476
204354
154341
148896
153171
174744
143883
130338
164592
177651
160065
158139
196875
139086
143019
129339
164070
166914
175527
231786
194130
133128
156951
135252
167517
133074
183177
155781
152109
