60333
57967
59605
59514
55510
56238
56056
57785
57967
58968
58695
57603
56602
57785
58149
61607
59150
57603
57785
57785
57694
58604
57239
58331
56693
58604
55965
57512
57967
56329
56875
59878
60879
57330
58877
58422
57148
59332
58604
62062
57785
59059
58968
57421
58604
57057
58968
56056
57512
58058
60697
59696
58786
58968
60151
56147
57694
57876
58786
58695
60515
59423
60606
55965
60788
57603
58968
60424
55510
59059
58240
57876
58058
58240
58604
58695
58149
58695
61607
56329
55874
58058
59241
58331
58786
59059
57967
56511
58786
58149
57876
57785
58058
58149
59969
56056
57694
58422
55965
61061
