1872
2052
2304
2718
2502
1665
2232
2592
2205
2871
1782
1971
1692
2178
4698
4509
2250
2457
1872
3735
2664
2916
1710
1728
1521
1989
2394
2358
2061
3177
2160
2817
2133
1917
3393
1971
2493
2637
1764
2115
1890
2259
3393
4428
1530
3807
1575
5085
1368
1998
2106
1566
2151
3096
1971
1953
2484
2169
2880
1656
2808
1863
1503
2772
3663
1917
2790
1854
2142
2349
2673
1962
2979
3159
2061
3681
1674
2448
2502
3573
3474
2007
2457
1269
2142
2709
3564
2358
3006
2106
2493
1296
1755
6840
3510
2619
2079
3663
3060
1530
