1410
7865
2310
1555
5870
1650
5985
9185
3495
3640
2450
2395
3435
5475
1760
3335
3225
6300
8625
7115
3095
1085
2340
1435
4265
4675
2345
5050
4915
6370
6765
8450
2785
3485
8350
7125
3080
4440
1755
9855
580
5245
5685
5420
7250
3715
2000
5920
2585
2090
4475
3250
7835
4140
6540
6065
4555
4480
7950
2915
1485
1300
1565
4565
2210
2805
5675
2800
4895
3015
3660
5385
7670
5095
4625
2235
5985
2740
4750
3605
5255
8480
2265
3060
2960
1100
1625
2685
17385
4565
2050
9555
11770
2695
1220
3075
1615
1995
7090
1840
