52350
72795
54675
63060
46350
51390
59490
60435
67455
56280
58590
62415
60210
48375
42840
51900
46650
47730
58185
68520
60570
65805
54570
60600
59415
68850
54255
60570
66630
55245
63690
50685
49710
69300
64260
66945
69030
46710
62385
57060
71190
58275
60810
51510
65040
53445
48825
73275
50700
51270
51105
48195
61380
58785
55215
47805
49560
54360
59805
52935
56745
58635
42435
57630
82005
101235
90780
64440
49245
63420
58770
57720
93510
60540
89970
45435
53565
48480
62040
49680
70815
56085
69570
59160
80475
63975
53490
53415
57075
78720
55650
63345
72510
51885
48075
52005
46830
56205
55770
56640
