2461
2484
1541
2829
1978
1748
1633
2300
1518
2185
2070
1725
2093
2323
1748
2829
2001
2346
1564
2438
2231
2898
1909
2392
2392
2967
2093
1794
3634
1633
2346
2323
1909
2024
2024
2300
1863
1817
1794
2116
1518
1794
1932
1978
2162
2162
2990
1817
2024
1955
2093
1679
2300
2323
2530
2231
2714
2944
2392
1656
2783
2047
2300
2369
1518
2415
1587
2300
1679
1656
2093
1518
2668
1725
2484
1587
1679
2093
2369
2208
2162
2507
1863
1771
1978
1909
2047
2001
1886
1702
1886
1564
2392
2208
2024
1932
2760
2277
1748
1817
