18360
19350
18360
19980
18450
17280
17955
20340
17910
18855
18900
19485
23715
18720
24435
21195
19530
22005
18135
21240
18450
23670
19620
16965
19575
18495
22545
17370
24300
21870
19980
18405
21870
17460
16920
21060
17640
22635
18990
20970
15615
20475
23355
20655
18630
24705
19755
21465
17865
23625
24660
20340
26415
19665
21555
19845
20115
19485
20475
20430
19215
20925
19530
25200
20340
21600
25830
18495
19890
19260
21015
20745
19080
20295
19710
20430
19935
18675
20610
22275
21375
20970
26955
19170
25200
18945
27720
20475
19935
21690
21555
17460
19485
19890
26280
18225
18810
19395
25335
19620
