2190
1485
2005
1515
2155
3125
1375
1230
1555
1740
2980
2160
1670
2450
1700
2090
2600
3240
1865
2155
2275
1945
2475
2730
3225
2465
1820
1775
3100
1855
3390
1460
1370
1770
3985
1610
2035
2455
2230
1660
2990
2525
1265
1540
2195
2015
1705
2565
1845
2945
1930
1595
1130
1900
2165
2440
2010
1770
4190
1670
1635
3370
1590
1985
2370
2365
1315
2615
2260
1485
1650
2545
2720
2335
1940
1675
2420
1460
1475
2910
1575
2065
1850
1660
1670
1035
2610
1785
2400
1070
2040
1990
2550
2570
1955
2295
1700
1545
1355
1740
