12915
13815
14085
11655
14085
17235
14895
12465
15165
12960
14265
10485
20025
18585
12735
10800
14220
14715
12690
13770
17955
14580
11295
11880
14400
13005
14580
16470
16785
13500
15075
11520
16020
13905
12375
11475
12240
13140
13095
14895
14625
12060
12465
11925
14940
13635
15120
12735
13140
12195
14040
14805
14130
14490
14940
12150
11520
14940
12600
11745
13320
13320
16740
13365
14265
13185
13860
12690
15885
13995
12645
19260
16065
11115
13680
11520
14715
13050
11295
14760
12375
12600
11790
13320
13500
18675
17595
14445
13995
13815
12645
12780
13230
11970
13455
12960
13410
12015
12285
13725
