165950
271425
79860
52620
58155
87915
42490
299235
13085
111315
460035
15500
552575
368780
104430
326510
126745
719660
274460
368330
411480
404370
158165
129590
27060
197785
295300
175730
55705
58225
68260
166105
70725
189605
164265
68680
40910
128820
17955
671475
225155
71865
57185
95995
17840
48310
114195
52310
297300
32425
198275
130190
155870
60075
20920
107595
308330
39520
51465
322450
30185
157880
201250
510730
368390
66230
280970
166950
25765
32220
108045
166035
130545
146220
285055
191595
41110
47650
131420
28515
59000
84345
109260
33000
26230
77970
15065
36240
66025
65015
289675
83355
416830
415565
22185
343770
147685
83850
177620
40170
