187866
109575
81225
179298
27972
220986
28062
306882
170541
89145
127773
210564
55836
100998
140994
132012
385884
14931
145008
102195
99468
184959
47790
102519
25146
154719
142848
201267
51957
20412
153180
160605
97794
23148
82683
372231
385740
71595
127278
180000
187578
74295
188649
130302
222768
96201
80424
139104
126576
174465
29349
117423
149373
232164
343278
55440
207378
433539
267894
290952
119430
124137
34461
154827
83484
99603
165987
141093
146115
31635
298683
68265
82422
125109
76545
282573
151479
93357
140490
10368
181476
90414
138987
134271
30348
126459
23823
11367
83196
140652
325800
209601
25245
48825
45108
52884
16092
41589
123921
152775
