2933
1183
3031
17633
3486
5278
2660
9240
7784
5985
4165
2814
9408
4718
1162
1862
10122
3353
4333
4312
7539
3605
5537
8638
1351
791
2772
7812
5180
2436
3346
9527
6468
8827
7847
4214
2051
10724
2065
5642
3556
623
7952
2765
1701
3948
4732
1624
17234
3080
7301
4270
1113
7462
1848
5068
1820
742
2289
1330
11620
15092
3171
15491
3374
4158
1064
15743
14028
3234
4039
1554
5565
2030
2030
1386
3864
1883
13139
8848
1729
7406
13923
2961
9891
6167
6741
3871
5810
4095
9191
2527
5719
8106
2828
1974
20475
19271
5306
2366
