2811580
2693103
2654553
2736793
2715462
2857069
2671001
2605723
2709551
2644273
2581051
2736536
2745017
2724200
2646586
2650698
2708780
2685907
2640161
2635278
2690276
2694388
2849359
2692332
2687449
2709551
2741419
2720602
2686935
2718032
2700042
2685907
2642988
2721116
2692332
2641960
2735508
2660978
2824173
2848074
2677426
2612405
2704668
2687449
2784852
2894334
2708009
2677169
2648385
2707238
2829056
2782539
2663548
2621143
2749643
2657123
2740905
2625769
2721373
2716490
2769432
2726513
2682309
2739620
2697729
2773030
2688477
2745788
2650698
2671001
2701584
2813122
2733195
2634764
2692075
2714177
2772259
2679996
2701584
2692589
2646072
2676141
2683337
2722401
2723172
2756582
2708266
2710322
2620629
2664833
2678197
2670744
2623456
2759409
2715462
2657123
2749386
2750928
2670230
2713663
