4295
2605
5565
4450
4875
7970
3995
5720
3650
3945
5205
2990
2540
4585
4975
5080
3820
3505
5910
9650
5565
3465
4685
6325
5530
4865
5770
4075
7095
6515
7150
4900
3675
4935
6025
3710
4140
5420
7175
6060
5810
5040
3040
4595
4090
5170
3525
5555
5130
3420
4280
6560
6765
5705
4935
3595
6475
3710
5160
3620
5200
3450
3645
4045
2905
3775
4145
6655
5380
4365
7045
6080
6915
5940
5030
2890
8445
10320
4660
8425
5045
4215
3230
6035
3755
5000
4730
5415
4590
6280
4410
5775
8345
4160
4445
6545
4870
3785
4365
7130
