2025
2088
2376
2655
2043
2169
2799
1935
2241
2187
1935
2295
1773
2835
1593
3681
3195
2484
2457
2178
2223
1791
2052
2421
1836
2205
2403
1566
2259
1746
1602
1224
1917
2511
1899
1593
2052
2304
1872
1548
2331
2214
1917
2133
2790
2295
2709
1377
1449
3141
1944
2502
2295
2970
2736
1890
1449
2124
2079
2313
1872
2151
2061
2403
1944
1980
2394
2313
2277
1728
1728
3177
1953
1575
1593
2043
2079
2016
1458
2142
1962
1701
2025
2619
2286
1872
2241
1683
2673
1575
2214
1593
2232
2268
2241
2133
2601
2565
2592
1692
