34897421
61311458
133265860
68531541
53192204
36826257
34297341
88687430
117811252
30801030
57797012
82836104
98343154
91066014
142241723
86139079
112947640
59643376
84680323
113951214
46279766
173222985
154634376
143555568
143660465
29904420
87472411
84797973
178254596
81772483
73602256
65556439
32446024
62195393
68650998
40296360
50192298
45791629
34332012
95676074
77119003
75300875
26364065
76850215
31873920
30844554
107816293
88145369
85427498
25007151
170298869
187500040
60130967
70739409
44576454
122046210
53008163
25722567
69068350
44714748
45228404
199501510
50130353
23597535
108327778
72918846
24151569
102559054
182046319
61485151
26086411
62437466
44170659
47130746
226766007
47414302
74989044
60167770
25140960
105466686
68201484
153226359
79942096
52303121
72682740
170400360
80319629
46872293
145180919
57330832
129531025
77342967
88814674
13348426
87751339
33919262
42227744
60855288
104950274
224920826
