4631
4620
5214
5269
5489
5742
8591
4510
4213
5137
4290
4554
5027
5940
4587
5929
6512
4906
6809
5698
3971
4939
3938
4180
4686
4554
5093
4125
4939
4829
7227
6754
3949
4763
5335
3883
3861
6292
4356
5995
4554
4411
3916
4136
6259
4389
3597
5962
5500
4268
7469
4059
4444
5478
4224
4796
6633
5346
4180
6765
4312
4642
6501
4664
5313
4895
8910
5280
9658
5203
4400
5665
4741
4400
6380
5709
4620
3608
6369
3652
5236
5533
3223
4367
4653
4455
4587
5995
5445
5434
4070
5852
4323
4081
4455
6006
4224
6985
5027
6435
