22555
27664
23179
25636
33683
27079
24011
16393
15730
15886
13754
19578
10140
11466
24492
14001
20007
23491
75244
12181
16562
18252
20267
18005
36998
10621
14040
37570
12961
11271
29744
43498
11479
13468
13559
15002
16874
31226
13182
23426
16614
18434
12727
25350
15158
47424
20319
24674
77714
14859
36192
26312
64298
14209
24674
17225
9386
14950
22906
62075
32526
14521
12623
11128
17602
24622
14079
41314
18551
15834
24050
17706
12519
17797
17056
35451
35113
15899
9802
11947
13715
44070
12545
36855
12376
24739
20228
33878
40586
16562
19500
41210
34996
12584
26247
16081
15665
18798
17342
13468
