143780
140777
149604
139230
142779
130949
155701
144417
146055
148057
133952
131495
133406
137865
138229
139867
144872
151788
146237
140868
144508
136409
148330
153244
129857
139776
137592
154882
125398
125853
136045
145782
141505
126763
154336
137137
138593
130494
149331
141596
131586
132041
158431
142324
142142
138047
135135
143871
143689
134043
150423
140504
135226
136045
141232
123760
130858
143416
142324
150332
137774
141687
148239
139958
139503
142142
150878
139412
136682
139139
146510
157612
132314
148057
136591
145327
138411
138957
135135
136591
136955
143052
133679
136591
142961
152334
139412
132587
141687
145964
136409
141778
129584
168168
140140
131313
140686
136227
151424
146692
