41745
43350
51960
42810
47925
41640
51390
53280
42195
39225
45795
47340
39990
43110
46665
51870
44025
51465
49440
52530
40005
49185
54015
40770
46905
46665
51135
50745
67530
64185
56265
33930
49905
52815
60150
46620
41250
41610
58515
54315
40230
54225
50460
52095
46770
54210
44520
48630
42165
47730
51780
46485
62670
60855
45750
52995
52695
44145
39390
38280
49065
43050
43575
80805
47040
52845
45375
65670
49170
40200
53385
51450
45900
49455
42540
57840
52200
46575
55485
36555
54660
48405
53190
72960
45675
47460
45045
47100
48885
55080
51780
49095
43695
57300
41925
44085
64320
43560
43260
43830
