562210
529929
707484
563787
571216
705793
637868
537871
552045
799216
652232
550297
526927
794295
655861
619419
676856
642029
584174
556358
580564
630895
606138
589741
911373
628216
531164
642390
524457
624910
723311
582597
563483
626601
745902
566713
578436
638856
716680
588867
702487
540132
532304
762527
622421
619742
518833
530385
598918
601635
578835
657514
538384
649135
616151
510359
628368
566960
600077
590330
600343
570665
640243
574237
564471
548112
687211
583528
616379
797582
679706
633536
578436
666938
617158
547656
510796
529568
841396
608342
673379
549689
657628
589513
483474
621699
503177
739993
511309
578322
681207
726104
518244
602148
594947
559018
606385
654512
545262
563882
