270
98304
31113
29637
2151
98304
51276
87822
69537
40596
98304
38973
84651
21276
82704
98304
14505
38733
51204
56205
98304
98304
8574
33534
93312
57765
25971
98304
98304
98304
41706
51393
471
98304
78570
27420
98304
83322
98304
98304
8373
98304
98304
98304
98304
98304
32070
58038
52998
98304
98304
98304
7755
97902
40614
2409
98304
23670
49917
47508
98304
98304
46062
98304
41487
52737
98304
98304
24654
98304
71910
98304
30015
98304
98304
58503
15444
77793
98304
98304
45177
26085
98304
19050
92751
63192
98304
67371
98304
98304
17931
98304
98304
98304
98304
43092
98304
85794
22389
3096
