3907942
4124336
3703627
3746803
5221469
3963197
2771231
6322971
7115045
4296012
4242813
2730368
3651970
3106616
3444571
3265956
2807982
4784569
4152092
3165469
2890479
3575384
2712892
2688220
2942907
2822374
4924120
3199393
4312717
3911797
2714948
3544801
3056758
3933642
6221713
3126919
2979658
2811580
6169285
3063183
3179861
3513190
2803613
2896904
3593888
2808753
2890222
2977345
3900489
3042880
4965240
4701815
2875573
3371583
2899217
2816720
2858097
4667891
4792279
6149753
3702856
3669703
3473612
4232276
3223294
2982999
2843448
3944950
3494172
3771218
3701828
3130260
3114326
2746045
3022834
3820048
3115611
4051091
2692589
4866809
3042109
3037226
3072692
4265686
5309363
2740905
2673314
3066267
3135143
2922861
4107117
3918479
4039012
3328150
2884568
3392914
3631410
2885596
3274694
3500340
