104553
84276
115317
90522
142209
120528
88146
78408
68706
125667
111123
91197
111960
99963
99135
81243
102744
109305
109602
137187
115443
84996
89982
133623
115641
84240
100692
102663
95850
101106
104382
100413
112581
77877
110268
103968
89829
88848
99468
110187
110205
94509
115056
121842
91467
93951
130473
105309
115839
88830
105318
96903
117783
112023
77517
132174
105804
83907
102663
107784
108153
101808
105489
127620
92664
90504
120366
122265
94086
93789
111357
109755
109638
100656
153837
120816
108117
91458
148050
90405
97290
88128
152082
90009
73278
96777
77922
93366
137511
88515
111663
123705
108306
96831
120555
92286
133065
115191
95184
132543
