7283650
898909
7730074
9037325
1787610
5660369
1332694
4923545
658504
3526831
3286470
1914132
2020612
1478587
714978
4303453
1199198
3916517
1642421
3176965
2117874
6706161
2380565
2502874
5163114
2878062
5293222
1569843
877140
1265077
3651571
2146617
14171333
2054976
1592888
6858214
5380661
5110215
1830796
3794054
3962981
5360036
8992544
7393672
3473635
4985398
3088899
1590732
9599249
2165680
3201550
3501278
6761095
3503522
2900766
940984
1958220
13013429
1668645
981200
1693945
1922569
2082245
4425630
3018499
874291
1461592
8231245
2971430
2318536
1510465
6171275
1236521
10898272
2532959
6273465
4016991
3315620
7252608
922284
7477349
5302187
3493061
1314929
4876311
3327929
3838923
1869285
3337664
1759967
1719146
958683
1496572
2210329
5579662
3389617
611600
2174051
939169
5590805
