22232
21357
22806
17094
22316
15652
22001
19201
24570
19481
16275
23338
15694
30331
19250
17360
18312
20076
18599
17878
25438
19495
18319
22946
17535
26257
16548
21595
18774
16394
27916
23646
22827
19502
20643
28196
25046
22407
18109
22176
24528
22967
23765
21504
18284
21973
20587
17829
33404
21161
28588
17150
21847
27097
19642
19285
28448
34041
39340
22533
15813
25326
15834
21637
25046
19684
24885
19033
23352
20818
17913
23135
25473
21392
31241
18466
22295
23142
25613
27629
18452
24318
19243
20937
24346
15743
21924
28847
25438
20356
18291
22855
21343
24227
16086
28560
21602
20692
22505
24801
