136864
155792
134862
148876
152880
142142
168532
135772
156702
165620
145691
176631
193375
139321
143143
140140
139503
140322
189826
148239
176813
164346
148603
147602
161980
151606
175357
155974
150878
145327
137410
136955
143416
147056
180180
132041
142870
140959
149604
129948
143689
179270
162435
153972
135499
140595
142324
156884
162708
152880
146055
146237
142051
143871
164164
150787
172809
148876
147693
147420
158249
136136
140049
166348
157703
146419
142233
161252
182728
171080
170807
149968
172081
139867
145145
147238
153153
139139
148057
160706
185276
130312
152880
139139
138138
184457
162708
149786
148330
148876
163709
135408
142779
151060
165620
147693
157794
150423
157885
173901
