22232
21357
22806
17094
22316
15652
24486
19558
21728
27251
16275
23338
15694
30331
19250
17360
19180
19208
19922
23576
25438
19495
18319
22946
17535
26257
16548
24122
20860
19768
27916
26894
19579
19502
20643
28196
25788
21665
20181
20104
24528
22967
23765
21504
18284
21973
20587
17829
40789
25403
28588
17150
21847
27097
19642
19285
28448
34041
39340
22533
15813
25326
20566
16905
25494
21329
23436
18389
23352
20818
17913
23135
25473
21392
31241
18466
22743
22694
25613
27629
18452
26761
25795
22834
23779
20811
24367
26712
22883
26222
18291
22855
23338
25760
28812
22232
23527
28868
27209
20524
