18928
21294
33839
18902
25155
22711
27339
25584
20852
22633
23309
26299
31980
30121
20995
25597
29263
24583
27573
22750
27313
23023
21970
26793
26702
25740
29419
23894
28457
22451
25272
25545
20683
20683
26598
22724
31148
25714
22295
23231
21840
22503
23283
23998
26026
21385
23465
24635
26130
22711
19370
24869
29081
26351
24336
27326
24856
26000
21983
19435
30251
22308
25324
23127
19201
23231
27222
19799
26325
22308
28704
33189
24063
25441
23231
23257
23582
26754
24102
20696
22997
24011
31109
21905
19942
27794
21775
23959
25870
22776
21658
25051
28223
21736
23075
20930
29172
21710
29185
23088
