360448
284207
360448
136070
113531
203522
177331
122133
152724
360448
227161
360448
360448
360448
237952
360448
360448
360448
220605
360448
141119
235554
360448
34672
360448
360448
360448
360448
360448
360448
286253
62524
115280
360448
42152
360448
11605
360448
271854
360448
236665
360448
157003
360448
360448
333916
360448
360448
176462
349250
360448
360448
360448
360448
114048
47729
35739
360448
360448
185031
360448
360448
360448
360448
360448
360448
360448
360448
306735
360448
360448
28105
360448
360448
134244
360448
360448
327954
360448
264737
360448
360448
360448
62139
360448
102003
360448
260062
321222
360448
317251
293568
72996
122309
235763
360448
265133
229680
15345
360448
