187866
109575
81000
179280
27972
221184
28062
306450
170595
89145
127773
210969
56142
101556
273348
214623
171666
14931
145008
102105
99468
232596
127575
327465
170667
308754
40842
280665
117108
86283
153216
160425
97830
23148
82809
372231
385803
71595
559215
49770
187695
74295
188847
131022
223254
96291
80424
139185
126576
232227
29349
117882
149364
232344
343143
262620
433629
267867
290916
79650
119430
124263
34461
154836
83385
99603
165969
287397
31635
16821
298755
68310
82476
125082
76545
282573
151479
93915
140499
10368
181602
90414
139725
134271
30348
126513
23823
11367
83178
140463
325557
209673
25245
48825
45108
68832
41589
123921
152793
118872
