22954711
16377803
18607732
17295707
16024749
23405928
11635026
18583084
45379724
4964882
17734873
28222194
31377177
10911745
23399818
24614304
24206286
53700634
11442431
8428446
27717872
10829520
24228516
39334243
30810091
15671942
19262477
39483054
8666060
10462699
34566870
17644276
10092199
32815835
28844010
16073577
10356502
35915191
15609750
9509929
5960994
24129664
29343041
27273441
14954784
47044855
27589497
11761698
34745555
25897716
39956228
23532600
23410803
54228031
22332557
14863277
23868520
24330176
27639742
10751325
11621194
19665711
26721968
32044480
13207259
10904101
23238384
14736293
19363344
52653380
10550189
8792706
32749639
15302118
18870501
21309223
28214810
15294747
9723324
18622851
26447200
15910115
9741654
15718105
20325383
11445642
22282793
9332986
14556802
20728721
10840583
16003403
20949396
5388643
22950850
17094402
21390252
17832074
26672386
8501103
