41745
43350
51960
47445
46455
47355
57870
63960
37155
51975
45795
52965
58800
53595
51480
38745
58020
63300
56250
46170
43170
46020
54015
40770
49905
52515
64785
60510
51090
48360
56265
45720
59895
55095
52545
55530
53685
62325
54600
44670
53205
43950
58470
65685
40365
39600
51105
48090
58110
50190
51780
48480
60675
60855
49545
49200
52695
44145
39390
40650
49065
53685
52245
61500
47040
52845
45375
65670
52755
55335
53385
51450
47715
47640
48360
52020
76875
49605
45015
51960
54660
48405
53190
72960
53280
62145
53025
46545
54255
61785
53145
47730
43695
57300
41925
62835
67080
53595
49515
45390
