18874368
8408241
17079714
14877360
11201220
13833963
18874368
18874368
18874368
18874368
18874368
18874368
14291469
18874368
17687430
18874368
18874368
12614166
18874368
18874368
18874368
18874368
18874368
18874368
10212300
18874368
14165019
18874368
18874368
18874368
18874368
18874368
18874368
18874368
18874368
18874368
18874368
7479342
97425
18874368
18874368
2503962
18874368
18874368
18874368
18874368
18874368
18874368
18874368
1855458
13156560
18874368
8513199
18874368
12543813
18874368
18874368
18874368
5254119
18874368
18874368
18874368
26964
18874368
18874368
18874368
9345699
18874368
18874368
18874368
529605
18874368
17978130
11136465
18874368
18874368
7355124
18874368
18874368
18874368
18874368
1434969
18874368
9860004
18874368
18874368
18874368
18874368
18874368
18874368
18874368
18874368
18874368
18874368
69381
6039675
18874368
18874368
18874368
18874368
