23389020
18937395
15880419
17909523
25034769
15569658
19829457
15172389
23235768
17581626
26866809
15061941
18301401
15551379
23350545
20279259
21114765
26676738
18015786
14430033
19997847
17180676
16405281
14426919
16932915
20701251
24994485
16817976
18387315
16393131
17232219
14920776
20035449
18018360
20859345
22909365
23821668
26350227
13945662
18427527
15119370
17768907
17059932
19279575
18938457
17624412
12939309
13576896
19951137
22992003
31194531
18658458
23657481
15539202
18112482
16839135
15016248
24579828
14661828
19687437
26243541
19847583
14681070
22808394
27051939
19629054
12834684
17865549
18904095
28114794
19677429
16906599
27001728
18876600
13439799
13466403
20899152
22074003
30729069
14794884
28422999
28976499
16264557
18591210
20567763
18203013
13167459
19233450
22189203
21107052
15481467
34213743
15780816
19603566
26365545
21424185
19827756
17409357
20368755
19446930
