82719
73892
74347
80899
81627
82082
72982
88998
79625
79170
96005
75348
84903
93093
87087
79352
79625
80171
90545
78715
84903
76986
83447
84994
104195
77987
99827
77714
89817
83174
79898
103922
88270
91273
86814
75075
76349
85176
79898
83629
77350
77896
81718
88088
79352
98826
81172
96733
73619
91910
77805
78533
79898
88816
88361
77350
73528
95186
75257
85631
87542
74893
93366
88816
84721
79443
84721
82173
84175
81718
82173
82901
85995
78078
91000
114023
83811
86177
82264
79625
75530
82719
73801
80717
90181
72709
79989
73892
100646
103285
82264
78715
85813
95550
94185
84721
83174
83902
78806
79716
