218106
183474
122121
1251036
373698
73350
323622
163629
666774
798075
2751291
220626
187803
247725
1388511
1291977
612513
78651
966753
204435
94338
183240
1078371
300168
755667
71289
539622
410247
891531
895428
568179
1106883
191394
239544
78183
57519
916353
255573
261162
176364
643032
634050
527940
430650
408969
1254006
496899
639855
587709
206415
378720
351927
545346
73350
217152
186147
1543932
1187064
679968
616374
628641
312786
823680
85545
397746
193284
636039
749925
156177
284013
83367
392526
43083
727290
259533
860913
475506
196848
135144
115101
452133
317772
155511
1532367
1037331
715518
111708
933075
832509
327042
84420
144027
583722
904896
124236
327006
1171485
1639440
351045
1148787
