9622
2261
3366
1139
8398
5729
12121
2669
6698
4420
6766
5899
6868
4726
3995
6953
1921
2159
10183
2380
5899
3893
7276
3077
14569
8296
10472
8993
10183
8704
45356
8432
13209
3451
4335
8976
23137
5185
16473
3128
10166
1938
4930
7123
9894
2958
6919
8959
1445
7888
2312
13719
9384
1853
2465
6273
1258
2159
2703
1292
3808
20213
1649
6851
6647
12240
1462
17442
8398
1428
2856
10676
2499
9180
4845
26537
12478
2380
7667
3604
5729
2210
8466
1972
2397
11373
6987
3298
1360
16014
1394
9690
27812
16507
3451
4216
12172
8007
1921
10404
