1310720
1310720
248565
1310720
1310720
1310720
14920
1310720
466390
1310720
1310720
1310720
776045
1107350
1310720
1310720
797710
1310720
1310720
1310720
34860
1310720
358180
1310420
64595
62045
1310720
59340
1310720
1310720
209190
1310720
1310720
1310720
1310720
308565
1310720
1310720
1166405
152595
1077510
1310720
1310720
224795
1310720
699255
1310720
172590
1310720
1310720
1310720
1002005
1310720
1310720
1310720
925855
1310720
1310720
354825
1310720
894150
446080
32835
86450
1310720
212020
1310720
1310720
1310720
1310720
1310720
720155
1310720
160470
195625
138340
1310720
478820
182190
424420
1310720
1310720
1310720
619635
1195375
465070
1310720
879465
66925
1310720
1094840
754570
450075
1310720
1082670
1069750
1310720
1310720
1310720
390845
