229376
229376
89390
229376
9296
229376
229376
56042
146230
229376
16156
182329
229376
229376
229376
229376
229376
229376
98224
229376
132167
229376
229376
229376
118426
78113
229376
113582
229376
229376
229376
53263
229376
179221
25571
130459
229376
58562
186844
147182
88158
229376
229376
192829
41461
229376
229376
229376
229376
154490
229376
229376
45423
229376
229376
229376
229376
177065
68327
170387
229376
229376
60396
229376
229376
216545
185864
229376
229376
229376
229376
107240
174496
229376
229376
25774
94192
229376
229376
41671
30940
77210
229376
229376
229376
229376
229376
229376
229376
229376
229376
24969
178997
222915
67655
229376
229376
214284
35700
229376
