13190
13335
17240
13015
23435
9320
13905
25995
14180
13805
14320
7655
20200
20405
10910
11290
14065
13165
11930
15135
16425
10925
13430
21860
15225
20090
12030
24110
11940
25270
15950
20665
9490
15680
20965
17185
7180
11170
8720
24335
12375
17045
11760
19205
17310
24525
17645
13390
21245
17495
17680
21535
13480
17855
13415
26590
11815
11680
19865
12180
23755
25890
10910
9795
14120
17100
11515
22490
16775
21535
13410
20535
19630
11645
24345
18575
24770
13030
11885
12140
12175
14030
18460
14430
12745
12000
12365
15335
5715
20840
19145
13020
19225
9755
11395
16270
13645
19710
22290
14740
