11323
8242
13351
9048
7618
10010
7969
7098
10881
10036
8424
10244
10036
8827
12480
10374
10036
11713
8671
6643
7072
15626
11193
10023
10231
9178
8385
11531
8502
9243
7839
8398
11115
8242
7124
8255
12675
8567
9399
8827
7449
10517
8008
12064
7826
8502
13546
9035
12558
6552
11622
6162
8450
9750
10816
9165
9308
9191
9477
11401
8957
10530
12285
11284
10894
12298
8320
11986
13546
10829
7761
9256
10764
9165
9971
7163
8931
8658
10023
11453
8554
8788
8827
11635
13000
8086
6981
8801
9932
10946
8385
8242
9490
12896
13039
8307
12285
8385
11908
9321
