390225
353718
374100
373455
373713
370359
364038
376164
389322
384033
384549
405576
375261
358749
369456
386484
365457
409188
386097
350880
359394
346752
371520
370230
374487
393708
356685
375648
397707
370875
381324
353073
372036
365457
357846
402351
359136
366102
369327
357330
376809
386871
359910
361716
380679
359394
371133
402867
391128
363522
373197
361587
354621
387387
408414
360039
387258
380937
391644
356169
385710
355653
364812
383904
372810
339786
389967
365328
383259
414219
381066
366747
354492
369069
408672
377841
363006
368295
356685
352041
376680
365715
397320
388548
364812
371262
376680
345720
375648
379905
407511
369069
360168
365715
399255
379002
361845
382614
371391
375261
