34125
33735
31915
34515
32760
31330
31785
32305
39130
33800
30290
33215
32760
29900
29510
31850
34580
29640
33085
31395
35360
28600
30615
36205
39065
30615
33800
32890
40560
36530
36270
32695
26780
37830
37765
32565
36075
31525
30615
39130
33800
35880
34450
34775
32890
38090
31655
35165
30745
34060
29315
37570
36920
32500
30095
29770
32175
28080
30940
31200
31720
40495
31070
32305
33345
40040
43615
34970
41535
28990
35815
29510
36855
43095
34450
30160
32565
28795
34255
36010
33475
33605
33345
29120
38090
38350
38480
34905
34060
29120
37830
41665
34125
35750
28080
30875
33735
29770
35230
36075
