703311
774221
830459
808353
531552
664181
711529
625485
568792
841295
875245
923762
909608
794297
591682
515690
783594
721511
744506
917056
968877
536830
649460
812336
454034
725298
735861
1144794
728504
696213
415604
1043861
603540
795886
481978
1106931
906479
662123
563199
1251054
650496
542808
812406
627060
707756
832125
697459
1023057
776671
721826
635852
563647
634011
920955
855274
657223
657496
622965
770154
655578
878577
745549
471709
972748
705250
837200
648802
403172
848673
694806
777784
919387
693336
635124
978096
721945
485317
1005564
493864
489601
830228
563003
714658
767662
890610
635467
453236
755853
616966
637994
591465
823347
1235192
851123
847700
412440
516033
783643
1016708
926968
