4116
3031
17360
3486
7889
8988
6069
1533
11935
15876
6874
5838
3654
17507
3353
4354
4312
4424
4935
5054
6272
1057
10024
3836
2653
3171
2709
7791
5187
2436
19110
8596
7525
2947
13741
2065
5614
6496
4186
1519
13398
3668
175
2961
4767
1624
21357
6146
10843
4956
12586
9254
4914
1820
9156
5005
679
25907
7154
6300
21532
12152
10682
3654
4928
14581
17598
14133
2898
3654
4039
8939
2023
1386
8372
8568
10402
21616
16954
22687
17556
4809
2926
9786
16737
9870
9807
6083
8687
3871
25298
1351
3367
20223
24108
11704
4088
7266
2303
17185
