13515
19055
4400
16835
19505
10065
4475
20655
5965
26050
4865
6060
15000
21535
12270
7875
14915
44360
37350
20565
5065
54865
4690
4855
36430
20980
4545
40375
18005
31530
6395
8720
7980
13840
29130
21555
13140
16170
13560
7940
19970
14110
17130
21380
26890
5945
31895
15550
29895
7120
7350
14530
19270
11790
21605
26975
29280
22765
56975
20295
5120
24980
19655
14940
5570
14075
7160
8745
12250
11230
28190
6830
23300
43155
7950
11975
67660
19270
19065
8980
9060
23335
12285
14460
12955
11715
5565
11415
14095
6810
34715
6055
19600
33230
6550
7645
9590
3460
26210
12055
