1855
3055
1580
4190
1585
2235
3005
1195
1225
1855
2240
2330
1925
1500
1515
1895
2735
4015
2375
1405
3030
1645
2180
2425
2720
1710
2355
2265
2030
2850
2710
2355
1030
1310
1940
1725
2320
1455
1670
2105
2550
1975
1160
1475
1570
2620
1845
2845
2135
4765
1550
1480
1420
1625
2160
4100
1890
2825
2335
2240
1845
2020
1945
1740
1360
1610
1770
2255
1515
2470
2255
2835
1725
1355
2590
2365
3620
1435
1860
2650
1435
2365
2595
2120
2290
1645
1740
3080
1250
1855
1400
2010
2410
2910
1735
2285
1700
1720
2580
1550
