738
65088
27333
35208
116973
207459
84789
26019
2772
97632
30024
13464
12456
85635
70182
19773
30420
22986
38376
31266
82314
106209
16704
39951
3150
16497
264816
47205
19521
13788
23499
50715
208980
1530
22446
3834
23121
99504
80676
69435
35163
10692
20979
23139
5841
57312
45018
11511
34101
18891
67779
239031
19863
35910
27864
98055
16398
55026
60705
3393
21366
60039
112950
57717
98352
6138
31302
58140
32256
46188
135882
63999
12528
18630
26658
70641
1656
74952
7407
2160
90684
77094
58617
215172
178605
66717
6741
50193
72360
69075
12348
16443
88632
10080
46161
16542
88641
4050
49860
122976
