12015
12735
12060
13140
11745
10620
13455
12915
12465
11790
10575
13860
13275
10890
14355
16785
11340
13815
15750
12195
17955
12420
13815
11565
11655
12285
14130
11430
13725
12510
15075
11475
13905
11025
12870
12060
11475
13320
11970
16785
12645
12645
11700
13185
15840
13635
14265
11790
14355
11475
12105
12420
13725
12375
11475
12375
12960
15345
12780
11565
13320
13320
16740
12015
12240
17460
12960
12690
15885
13995
12645
17055
11565
11475
15570
13005
15030
14265
12150
17730
11385
12780
16020
11970
13050
17055
16380
13455
11700
15570
12645
12105
13905
11970
11790
12330
14490
12735
12780
13725
