3565
3772
3312
2714
3473
3059
3105
3519
2530
3818
2944
3749
2898
3473
2875
2277
3427
4071
3703
2070
2668
2530
3519
2645
3726
4186
2944
2898
3611
2691
2576
2369
3542
3588
2208
2599
2369
3013
3128
3427
3542
2507
3404
3588
3910
3082
4048
3427
3749
3036
2346
2852
3220
2760
3657
2415
3427
2990
2507
6371
3358
3197
2875
2484
3473
5336
3036
3128
3312
2829
4140
3335
3841
4416
2852
2829
3289
3795
2530
2921
3174
3611
3174
3220
2461
3266
4025
3197
3013
2461
3611
2070
3381
3519
3910
3657
3036
2645
2898
3289
