549387
461898
472356
486468
512163
487692
567243
448317
540747
567486
551655
460800
564597
616356
508761
430983
641133
465516
423765
522189
481401
510885
678123
491058
513081
499410
482184
433116
557775
543051
550395
524313
430515
557100
447642
482598
534636
608823
511200
569214
455229
541413
382230
583479
422991
544563
506493
587907
661257
493776
440811
456156
529425
581184
666288
613557
428661
466344
523962
433341
486864
504918
475884
530838
549855
461511
677736
495936
660186
550818
597267
502506
492948
598167
539955
482589
673569
477117
519201
480969
451530
557244
551682
480465
458046
477045
636624
481446
512127
479808
522549
515115
475965
493362
480690
512172
492138
542412
548262
493668
