508167
610533
511623
601785
519687
568017
541845
641196
480897
478107
566550
450945
545643
462438
485613
520290
555120
502821
679068
618129
647712
485253
512145
556200
939690
428571
530847
533871
684360
785727
477387
648738
557739
464598
943677
729828
581697
446760
529272
504252
557667
599103
526203
532080
790551
505863
510903
729594
702981
488952
552087
830475
707769
536652
663372
797913
543222
476487
530919
574731
813069
847980
532251
603414
591219
684990
448407
470538
917748
763263
427581
654399
535149
850068
607932
778221
1068642
518328
585405
590418
693270
559467
845343
564750
478989
539415
593748
648693
652266
632115
647586
631800
734058
473994
773811
449685
468711
446967
772020
488817
