9108
8613
7194
9075
8184
6600
9075
8613
7161
8283
7161
9504
6765
8481
7194
6303
6072
9372
8481
7689
8019
7227
7359
9438
8448
8151
7260
8184
8151
8976
7656
6171
8085
8349
10593
7326
8910
7194
8811
10131
9240
7392
8019
6930
7887
7920
7392
9834
7458
7755
7458
8448
7491
9075
8283
13233
8217
7590
9306
8679
7062
7524
9405
10131
7359
8217
9504
6864
7029
6402
9867
8250
9768
7755
6996
6732
9669
9933
8052
7920
6930
7656
8646
6996
8283
9240
8283
8613
7227
6765
7821
8316
9405
8745
9438
8085
8382
7359
8580
7953
