4456448
4456448
4456448
4456448
4456448
4456448
4456448
4456448
4456448
4456448
4456448
4456448
4456448
4456448
4456448
4337652
4456448
4456448
4456448
4456448
4456448
4456448
4456448
4456448
4456448
4456448
4456448
4456448
4456448
4456448
4456448
4456448
4456448
4456448
4456448
4456448
4456448
4456448
4456448
4456448
4456448
4456448
4456448
4456448
4456448
4456448
4456448
4456448
4456448
4456448
4456448
4456448
4456448
4456448
4456448
4456448
4456448
4456448
4456448
4456448
4456448
4456448
4456448
4456448
4456448
4456448
4456448
4456448
4456448
4456448
4456448
4456448
4456448
4456448
4456448
4456448
4456448
4456448
4456448
4456448
4456448
4456448
4456448
4456448
4456448
4456448
4456448
4456448
4456448
4456448
4456448
4456448
4456448
4456448
4456448
4456448
4456448
4456448
4456448
4456448
