136955
142168
230906
210054
648232
219674
175266
58422
62374
39403
27586
395447
52000
66417
355433
52390
68926
98020
100321
32097
52039
133705
52468
266227
200226
66313
81094
454246
363220
347347
313573
53807
44200
118131
282789
128440
163072
102076
21151
168688
50154
263094
178100
196716
72735
34671
266214
147173
197106
97409
105053
187330
104494
64948
87529
125177
120159
71435
220480
36725
70824
89791
733031
253838
100048
222209
26520
1028755
60320
125437
56615
33384
224783
38415
187954
63128
1212822
92118
108472
67275
116870
259987
136734
177255
47008
122733
64220
315926
130858
185198
138684
265291
243646
125710
382759
221455
25974
130572
180908
83564
