4123
2996
17059
3584
24444
11928
5789
10066
8365
3822
4998
1904
9422
26467
3031
1610
2625
4774
9842
9352
6244
1057
9037
2744
5894
1316
3465
7707
5810
1792
11305
8946
7147
13503
12565
16037
1519
8932
22953
4242
3983
13006
175
2961
4767
1631
24045
3514
3122
7623
7378
5089
8393
770
6748
14000
679
2737
2625
27895
21413
12208
10507
1519
10276
20146
8638
1351
12628
2898
12880
5201
2093
14910
8722
21644
16947
21021
9233
12509
3220
19173
2926
9828
12495
13734
5866
9807
8680
3822
3458
13580
9387
1421
2009
9737
56651
19516
6874
19719
