991337
975409
1043284
974866
1011971
977400
983011
981563
986993
1035682
998577
1013781
1003464
965273
999844
1023012
1003826
976314
986812
940476
1037673
1023012
971789
1016134
968893
1026270
1014505
968350
995500
1037492
1005636
1013781
989527
978124
969798
1010523
981382
936132
1035863
966902
1008532
1010704
971608
1076769
1006179
941381
1090163
959119
1022107
992423
1015772
998758
984459
988260
983192
995862
1006360
1029347
1047266
1073511
954051
989708
983011
998758
1013057
979934
997491
1037673
996224
1054144
1035863
1003464
1028623
993871
1029709
1016496
1000930
1001111
967626
957309
967988
1009980
1006722
967083
1029890
997129
998215
1032967
1042560
994233
997310
1040026
982287
973056
984640
974504
985545
992966
999301
1028080
