398094
365844
363264
380550
381711
354879
376164
398610
381453
389064
367779
369069
382614
368295
359652
412413
390870
360168
399642
357459
394095
359523
390096
366360
376551
375519
382872
404157
364425
362232
363135
348429
401319
401835
409446
383130
369972
433311
359781
400158
398997
384291
377583
370101
354492
382614
367779
367005
369456
357975
355911
376164
357201
376422
389709
376809
365070
351009
368682
363135
340689
386742
378615
378357
416154
341592
412026
361587
389838
398352
402867
392418
371262
375906
359394
367521
366360
394740
391386
399384
413832
358749
402222
374616
432279
371391
389967
380292
375906
374487
397062
388677
381195
374229
375003
361200
376164
391257
376164
393837
