3565
4094
2990
2714
3473
3059
2737
2714
2714
3703
2944
3473
3174
3473
2875
2277
3611
2254
2323
2668
2668
2530
3519
2645
3427
2576
3174
2990
2852
2645
2576
2369
3197
3565
2507
3864
3174
2898
2070
2944
3542
2507
3611
3243
3933
3082
4048
3427
3404
3565
2346
2645
2737
3174
3726
2990
3220
3473
3289
2346
3358
3197
2783
2231
3703
3772
3542
4393
3105
3197
4140
3565
3542
2622
3381
4163
2829
2783
3588
3335
3174
3611
2139
2254
2737
3197
3450
3795
2461
3634
3496
2185
3542
4715
3105
3864
3358
2829
2369
4232
