67860
59735
70850
71045
92560
65325
61360
62010
84760
65260
79495
70850
65780
75400
117390
61750
58500
65195
63310
67925
62465
72280
59280
73125
77090
55510
58630
80925
81315
66170
69615
54145
67405
78975
60385
64155
71175
59215
55250
59020
76050
68770
69290
84370
65520
60970
68640
69875
76570
77870
65130
59995
90935
71175
54535
72475
64805
72280
72410
69290
70785
71435
70655
62075
69225
86060
80795
53820
65325
60190
62985
59930
84175
59995
64675
64090
69680
76440
71565
60060
53300
77285
77740
59475
62855
56940
68380
54015
78130
64545
64415
61880
94640
48360
101205
70590
64480
70265
64415
57070
