60710
61815
54730
64610
70395
56420
56745
59865
54925
54600
53365
65650
61425
54600
61880
51415
69680
67470
59865
52520
61490
56485
58175
69745
53495
53950
66365
53235
62725
53820
91585
50440
50310
59605
54470
55315
49595
50570
59605
75205
56225
50960
62855
59800
51610
62530
51155
51480
60060
77805
61295
48750
50245
65520
56095
61750
54015
65455
81380
51805
76440
51220
55770
62270
50440
65975
58825
56095
56030
51805
52325
83135
53560
47905
60775
62270
53365
54080
59345
56225
53040
51285
58825
53690
56160
70590
53170
59150
60580
51610
76310
52715
51870
52390
65195
56680
72930
55120
50115
51805
