52000
52650
53040
52780
54730
59215
52520
58435
52455
52910
47580
64740
47190
49790
63310
57265
51870
57525
49855
47905
52845
54795
59540
53105
53690
55055
56160
52455
51545
60060
48685
47255
55185
49790
57980
52975
58435
52000
52585
47645
48360
50050
53690
54405
56485
56810
52130
52585
52780
60450
49010
53365
59475
60320
47580
59605
56875
49140
55315
61360
58500
60515
58630
53170
54340
50310
49985
56615
52910
50570
51350
51740
53560
61490
61360
51675
51415
47385
55510
48035
49595
59735
47255
53560
60970
51870
61035
49985
50960
53300
53105
60125
46150
48295
57850
51935
57200
54535
52000
51610
