7590
6369
8580
6633
7227
7590
8514
8514
7359
7557
7854
7392
6831
7524
8613
10560
7194
7953
7887
7260
8976
7755
9042
8712
9372
9966
6468
7986
6237
8283
6930
8184
7425
7986
6237
7821
7359
9306
7128
7128
8811
7821
7359
7029
7326
8052
7293
7590
8811
7293
7788
8283
8019
6039
7095
7326
7128
8745
8085
10098
8910
7755
8019
7656
7161
6930
8811
6369
7194
8679
9735
8151
6501
6897
7887
10296
8778
7590
7029
10560
7359
7326
10758
7425
7920
9141
7887
8349
8613
7194
9735
8646
6600
7161
8415
7227
8316
7062
8976
6798
