2808239
2690790
2669716
2709808
2706210
2687192
2649413
2686421
2652240
2641189
2657380
2716490
2723943
2652240
2733195
2641703
2637848
2680253
2713149
2741933
2628082
2664576
2684879
2655581
2696958
2692589
2788193
2798987
2695673
2762236
2665604
2676398
2872746
2691818
2709037
2846018
2985312
2608807
2764806
2697729
2646329
2688220
2668174
2893049
2647100
2642217
2941879
2792562
2736022
2668688
2736022
2631937
2721887
2629624
2704411
2653525
2776628
2902301
2677426
2645815
2745274
2635535
2670744
2809267
2716233
2736793
2871204
2758381
2668945
2682309
2760437
2760180
2716747
2935454
2737821
2742704
2842420
2644787
2676398
2682052
2689762
2618316
2722658
2643759
2744246
2677169
2782796
2749900
2811066
2668688
2678197
2645815
2700813
2651983
2667660
2750414
2725485
2627311
2785109
2828028
