207571
39620
70329
55930
89950
9422
59815
39270
93198
18109
78211
109718
102921
133546
209279
28112
125503
67060
15358
53809
36960
37107
52703
65373
63889
109102
67620
277445
46081
70392
24045
30485
23338
270151
183526
202405
30100
67102
34223
90307
36589
340879
239302
54243
30632
46445
29645
16758
72282
122234
29659
81067
167356
266455
42406
143619
67256
65429
73990
11935
30947
28840
86079
23569
94885
50708
231378
10661
48139
20678
22897
73619
58289
172214
52094
39977
29974
86905
37366
60515
13552
115395
300692
15638
260624
115885
74515
66458
102872
62958
178619
89971
23114
64162
21203
36211
10759
76832
218981
53851
