397062
384033
449178
432537
398352
454080
406350
394482
388032
405834
418992
467109
504906
519999
348687
533157
461046
402996
381453
427119
410220
462465
364683
446469
400932
495102
404673
411510
381582
487233
433569
435246
387903
365973
436407
419508
390870
396804
361974
472656
418218
440922
426861
382614
424152
498585
435246
443244
433827
449565
421185
420153
426345
386226
398997
414348
380292
385065
380550
496005
397707
359265
400803
473301
380163
372036
444276
427893
387645
394740
502326
436020
370746
412671
382614
504648
474333
379647
461046
516000
408801
455757
456015
418605
358104
389709
425313
387516
497940
413703
397062
388677
391128
457434
369198
472656
392805
409704
460659
428538
