27843992
7996538
41092502
23437689
121644952
7267887
64079037
50990764
30057203
42720865
9072822
715858
26642605
92481147
54059192
39440016
184549376
125021600
118086166
80917771
111523566
24551505
2142701
99568810
51892324
40566328
70832531
5148231
81208864
184549376
70483600
4257088
48070627
102570017
29516443
11994686
44251251
10847034
1954513
35867667
129591099
65031208
92738778
134012725
171748830
128940801
184549376
184549376
97257160
27756960
52224986
94503860
35153668
15817571
78818289
20322445
658328
18790090
184549376
6893040
1751497
12916002
9909944
17690497
38852616
11822866
10012332
3467915
105235130
67299276
106806194
119766548
36706956
19294066
66791395
8547242
35047144
20448439
14621673
2637514
36098172
131319353
48726623
184549376
21207010
172517202
44942810
151719601
18014139
4947690
31544854
83979291
25351799
5844784
49611573
29897989
184549376
184549376
27009697
29296498
