100692
140679
112041
93114
131481
114696
112320
99387
97299
102231
131004
110898
113211
141579
102618
157680
103320
92799
123642
96381
138087
129519
94032
96381
107181
105426
116433
118800
98811
109053
105228
103167
101898
112014
111303
108927
95211
115515
113418
108063
101277
116370
112311
91602
97758
115497
113886
99513
119358
123642
126774
138771
85626
99792
117288
112410
89181
91683
118638
99693
125730
123066
100944
112419
117549
93240
94590
108612
104607
132840
108072
115497
137169
115029
95391
100503
95373
104922
117567
96768
124191
98460
98379
130491
97254
109089
117072
125019
113364
92187
118575
105903
117720
155673
115506
116793
92223
120816
99387
110412
