648166
586891
508136
557897
667888
745750
483683
571292
618203
568955
546687
633878
579709
631864
635208
594073
564148
601806
469585
561051
591223
605093
564509
599792
490029
595251
551988
659471
623713
508934
675830
499168
675830
608437
546839
565687
586017
573078
556795
839952
593503
656184
501562
614878
605473
612978
509409
582939
567663
605625
676989
644195
556073
513209
588658
650332
584478
696578
558657
586036
591166
620255
608190
650845
533292
493848
536332
551057
603516
549024
616930
573401
584079
619685
687553
556776
624891
554439
540322
595156
532304
605321
613377
550848
608760
622041
509124
608437
520277
619837
571121
534375
632586
649268
534565
500232
553242
620635
498788
535211
