266643
237051
281079
229680
354987
243495
243153
334818
220437
284751
251505
283212
397449
206496
301761
211536
272754
295659
192924
294786
243909
236808
322344
217107
247113
246411
330066
238797
263079
242235
294696
246888
434619
268353
291006
273807
288000
222480
449532
239463
254016
303291
288873
275220
268731
235251
295614
275112
303210
439947
446616
219915
247176
464067
295686
281493
303660
231714
242226
316827
218646
245268
216387
214578
308106
226602
214578
248355
257139
333198
244791
283590
241812
311940
210591
290970
232380
469782
269244
280053
555948
532593
314991
539397
252252
450567
326790
238293
247950
223065
356679
249858
277668
223830
240354
226845
403812
223110
247320
199935
