1400
7865
2310
1555
2235
3645
1650
5985
9185
3495
2595
2255
3435
5475
1760
3340
3225
6300
15715
1305
3095
1085
2340
1435
4265
4675
2345
5050
4905
6370
6745
8510
2785
3485
8340
7125
3080
4440
1755
9855
580
5245
5660
5420
7250
3715
2000
5920
2585
2090
4500
3240
4345
3500
4140
6520
6070
4560
2000
2475
1485
1300
1565
8130
7160
2800
4910
3015
7210
1065
9095
7670
5095
4625
2235
5980
2740
4750
3605
900
5255
8485
2265
3060
2960
1100
1625
2685
17370
4565
2050
1325
8215
11770
2695
1220
3075
3670
7090
1840
