128088
59706
109791
80811
179496
41013
69993
96957
40248
27873
60993
66753
48240
162045
56025
101016
30087
43083
41238
47079
71919
27234
98685
46215
40680
67482
62154
21006
25182
112689
75663
25587
170307
41382
97677
22959
82053
78840
82566
77850
54189
42957
66186
24102
14733
13887
45819
100485
87714
130491
29520
114030
95373
56880
18207
36414
99837
77697
52299
93249
41589
77472
42408
22311
58581
34416
44568
26199
83997
43614
41454
45711
170136
33534
8532
68616
82575
106263
18522
69147
180819
43866
28917
17595
48735
90270
81621
52704
30177
21744
67797
132093
82197
24183
146961
48312
17451
37971
48438
97443
