258172
254106
239305
263169
234859
263397
234365
333393
285494
292923
248919
286520
330524
257241
306926
272270
254733
297502
268641
276716
276317
276963
313006
230166
244321
314849
273277
326173
287413
239894
289389
251408
260984
261478
272764
357276
266627
270047
258628
278806
383306
328377
242725
291650
404320
275310
233985
275234
246164
287660
314317
347833
266380
325926
262143
338941
278312
349011
241832
258400
286824
253612
481878
245081
275386
293892
287888
260889
236322
276735
314564
291042
378005
291707
275139
271415
271016
359423
244036
288287
277096
348441
340594
267273
299174
328890
293379
252795
238089
267178
295887
380076
295583
248178
272973
277951
302461
295393
250667
257374
