277894
188613
232332
229957
212287
184889
230356
204725
212857
255455
246297
229254
244549
201970
239362
221559
245974
193230
329460
232826
214301
253764
216866
237785
225663
241433
234498
246582
268242
200089
211698
190494
212876
253422
228760
215574
244188
200431
283480
246506
177460
309054
220818
279775
207062
253346
263036
199975
223744
206131
249964
270997
191387
224295
228133
182267
212268
271377
272251
216391
293151
230736
236455
237272
253156
215156
210159
278369
189563
278255
212211
252472
215593
223022
210653
193002
223934
226898
243941
312436
460047
214092
234612
198341
213826
230052
224428
211679
186390
206131
254239
251313
197486
192318
221863
212420
210881
201932
241604
188461
