1208858
2083277
904932
997276
1015917
841603
642460
1980440
1160264
988799
875021
1832173
1694721
987434
721791
745276
1049475
1517264
1014090
704312
967911
974939
1475551
946092
1659441
1017660
1249955
739781
1033158
1501976
415366
1139222
1753780
2441082
850661
1441223
1147699
785386
871766
1914948
650314
609070
746767
1003765
816011
1137871
2018121
649761
969360
544117
1197560
1554406
1286565
665784
611716
1109479
1067241
1619786
832013
914935
1194025
691369
1257214
1979936
534107
1036980
1574958
1747326
685041
446061
2387154
946407
667653
1204322
1004780
894719
746697
2227428
964621
1051421
829031
1275197
768096
1171086
1091251
882945
1131676
1719242
1034271
1305325
1413804
1236557
1228416
627914
767977
783881
1206436
857234
579019
603435
