126055
150093
120547
124372
99858
128979
135490
126837
131393
120139
140284
123216
135286
123624
112421
115277
136051
119442
128928
150739
139434
100147
141984
162231
132668
141202
108120
101473
135422
130373
111639
141032
119714
149838
145690
116093
150773
122553
131869
116790
107032
124117
146829
122536
138601
125902
136646
181662
120717
142953
111316
122553
135320
130305
140573
121822
138788
167484
129727
190978
137785
147390
121856
148563
112897
115209
137530
131002
153068
146931
118456
130220
100096
134623
115464
114852
117028
112336
132277
125137
228140
120904
142596
123675
118558
144228
129353
136986
117351
119969
198033
127092
140947
126616
135813
133467
137173
134113
141933
112557
