8505
19348
11004
11025
8939
9303
9744
9240
9653
10801
9828
11340
11326
9562
7847
6615
9331
8267
10885
12138
8351
9212
8778
11256
9317
10017
14518
7959
12418
10822
10213
8036
10087
9499
10010
8995
9002
7644
8862
9030
8134
12796
10521
9968
10346
8274
11200
9926
10255
9730
10087
9429
8820
9821
9940
14294
9422
8708
8841
8309
13930
10472
11585
9576
8869
7686
8519
11228
9219
9331
10808
10276
10479
9506
8358
12838
9688
9597
11018
7343
10864
8302
10094
11942
11620
10206
11123
13433
10598
9842
14168
9352
11543
10045
7504
11487
7413
9520
11074
9457
