27594
34489
36883
27713
23513
22008
20258
23415
31724
39998
52689
52199
21392
41363
27657
107933
26285
44520
45997
23254
41475
25263
25291
22540
31969
26810
20993
46914
24591
33950
54474
39312
21959
26985
20979
30842
39375
22491
33488
20188
50477
23583
25935
28798
32697
47145
34188
25263
25053
17899
37261
30758
25648
32599
42567
44625
39536
60956
27818
40383
22960
28112
22246
33649
31675
63035
27146
45521
32921
55062
66521
34965
18011
83468
33341
26411
22638
54152
36050
26705
27314
31990
45619
24619
33124
21931
40215
44366
27853
45850
31773
40649
24605
68005
30646
30408
47894
28273
52619
71848
