5313
6303
6732
5313
5577
6864
5016
6996
5676
6402
4983
4620
4785
5478
5874
5148
5742
5907
5346
7788
6270
6270
5445
4653
5181
5511
4818
5115
5610
5181
5907
6072
5808
6600
4488
5313
6864
7557
4983
7161
4356
4950
5379
5511
5643
4752
6567
5346
4719
5115
6105
6699
4554
5874
4422
7359
5445
6996
5049
5181
4818
4818
5280
5610
6369
4884
5973
5808
5214
4554
6435
5577
5214
4356
5544
4917
5445
7491
5379
5511
5016
5214
5610
5379
5544
5907
5742
5181
5775
5478
5610
9075
4620
5511
5643
5478
5940
7029
6666
5247
