102000
97784
129574
101439
91630
117266
106080
115583
109293
117844
123046
115855
118949
104244
109446
150858
97444
100453
104788
102323
96645
91273
126803
117657
150620
110653
108817
100385
109072
129336
109582
85850
83334
111826
113050
113390
103394
139757
133552
121584
103870
128452
107610
117368
94367
102731
111894
128707
111520
123369
115056
134827
87822
96356
99960
106386
86972
104295
94945
108426
114767
104703
101082
119289
115022
107984
115668
99008
96645
177735
114325
107406
123573
120853
105077
111214
109803
87499
129965
103564
89777
113424
134147
107491
92310
107899
113543
112744
122060
106199
99127
94265
93330
105043
103598
112370
147526
112404
135490
114512
