360448
285098
16192
360448
120010
113553
203346
177089
122452
152713
227216
360448
316965
360448
360448
360448
360448
360448
360448
360448
141240
233222
360448
360448
360448
360448
360448
360448
360448
360448
360448
105028
360448
40469
360448
360448
284834
360448
360448
326282
237116
360448
156728
360448
360448
331903
360448
46156
360448
129415
360448
327525
360448
360448
144496
47641
35794
360448
360448
360448
360448
360448
360448
360448
360448
360448
360448
360448
360448
360448
360448
27522
360448
360448
129800
360448
360448
328801
360448
262768
360448
360448
360448
94380
360448
69674
360448
260040
321123
360448
317273
360448
6061
122353
235598
360448
360448
360448
360448
360448
