360448
283855
16060
360448
123046
113531
360448
24750
123057
130108
356796
360448
360448
360448
117524
360448
360448
360448
360448
360448
140140
235565
360448
327272
360448
360448
161469
292831
360448
360448
350779
116050
360448
42669
360448
14553
360448
276683
360448
24486
300575
360448
97262
360448
360448
340054
291896
117425
360448
129866
360448
334422
360448
360448
149490
47718
35904
360448
360448
191323
191015
360448
360448
194304
360448
360448
360448
360448
360448
123431
360448
30437
303732
360448
360448
197241
360448
336050
360448
265782
360448
360448
360448
63723
32813
360448
73436
354189
271788
360448
320375
294250
197604
236577
360448
266508
230230
360448
360448
360448
