10005
35374
14559
5911
44528
30981
55890
79442
65090
171672
106743
17894
63940
26956
7475
40664
5290
63342
169878
22218
27738
82317
55913
80063
74566
24219
41952
139633
9591
35144
73278
15295
35052
209185
57776
5727
23161
99061
42619
37467
17871
68816
11960
28428
44482
75210
61042
117829
112907
18906
359743
45494
58397
57822
57730
17434
231058
290950
17273
143152
129835
118910
126316
54050
41745
29463
39031
67275
140116
75808
180826
69414
125327
10603
83881
330717
32292
11615
132572
119048
64607
4577
20539
83444
75026
137862
25783
4784
143244
70334
25024
62468
89102
43171
129536
134320
26680
32545
385043
136597
