108341
129846
121788
121006
128656
140726
135949
113730
132617
144211
108511
146999
114767
139553
127534
113339
131750
114699
114155
129574
108936
124780
101847
143310
132600
136357
133263
126582
146234
96917
146132
136867
112285
119238
132379
120394
134249
121618
143922
115634
132243
116382
105060
121737
124576
120037
129625
107406
129574
119017
114053
108409
106658
104414
120666
123709
141916
151572
113118
127007
123709
129149
117793
104278
116382
154836
110381
152932
145095
123811
120700
112676
129183
111690
104618
120088
120513
108460
111112
119578
143395
131359
115328
116399
116229
115549
99467
111299
113713
124746
118167
108222
139162
107678
120683
102408
109820
125341
128316
117657
