1479494
1379401
1105005
1256502
1144463
1080570
1118942
1019573
1113693
1230800
1150979
1263018
1605651
1175776
1132879
1120390
1149350
1024641
1318947
1017944
1099394
995319
1108625
1080932
1208718
967083
1290168
1249624
1634249
1040569
1154599
1053058
1372523
1037492
1057945
1241479
1221931
1053239
1172699
1243289
1052696
1215777
1245642
1398949
1125458
1017401
1108082
1051248
1145368
1067176
1012514
1052515
1237316
987898
1129259
1056135
1075502
1090706
1376505
1087267
1055049
1105186
1161296
1297589
1065728
1510807
1028442
1173423
1156771
1071882
1082742
1221931
1034777
1027718
1336685
1090887
1106996
1101023
1181206
1095412
1636240
1574338
1039845
1167450
1192428
1327273
1066633
1488544
1078760
1266819
1026089
1280575
950974
1001835
1220664
1161477
1308811
1390804
1269896
1011971
