966902
967988
968169
1023193
997129
970884
966359
994776
1013781
977762
994233
1021745
992061
1061384
962739
948802
999482
1035501
979753
966540
943734
1007808
1025908
971789
973599
990975
999301
973599
1013419
979934
1003102
996767
958938
1085819
1024460
1052515
1033691
974685
1016858
1037311
1046542
1004550
976314
1014505
967083
979934
1006903
1044189
1029709
1007265
968350
983554
1020297
987536
1002921
993147
1007808
987355
981563
990070
1034415
1045275
973780
967626
1025546
972513
966178
1066271
987536
977219
1011609
1000749
1037130
1050886
1011971
983011
1032967
956585
968893
982287
1021383
1012876
1033691
1007989
1011066
985002
1023917
962015
1002197
982649
968893
982649
961291
1001111
981744
1026632
998215
998215
983373
1018487
