372824
391384
455764
572228
410408
394168
352292
426300
347188
478500
444512
351248
446136
423864
405536
342548
383612
389644
458780
380828
394748
347420
404608
417020
397648
386860
391036
429200
391500
367256
379204
352408
383844
432796
391384
535920
372824
550188
361456
433144
380016
417252
417136
468988
350900
371084
417600
377928
420152
373752
365284
391500
343940
357280
350552
370852
415396
355192
407740
396256
394400
379900
414816
430708
376884
328744
356932
423864
372360
354496
422704
401708
351016
430244
417832
414236
350204
380016
386976
369692
417484
337328
363080
344172
363776
424212
423168
383844
449616
367952
436160
379320
407740
380944
384076
335008
425952
422936
428156
423052
