5360
5896
6365
7437
6432
6968
7772
6566
8911
5628
6432
5293
6164
6566
5628
6700
7504
5427
5494
6365
6901
5896
5829
6432
7772
9313
6566
8174
6231
8107
6432
4891
6365
8241
4690
9447
6231
7303
8241
6767
5293
9179
5829
6097
8107
5427
5963
8576
6566
6767
5829
8308
6834
5293
6499
7236
5762
5963
4623
6834
5427
10385
8643
6633
6030
8107
7705
6432
5829
6968
6700
5963
7370
7638
6700
5695
7370
8844
5494
4824
6432
6566
7035
5159
6700
4489
6231
5092
5360
6834
7906
7504
4958
6968
5561
5159
8308
5963
7571
6968
