2002860
1810080
1740825
1797390
1621890
1862055
2039985
1831815
1670355
1938735
2101680
1925100
1680885
2273805
1600020
1998540
1777275
1597185
1639710
1932930
1839780
2082780
1808460
2366145
1920780
1792800
1872045
1846395
1715850
1655775
1868400
1763100
1788210
2159595
1882440
1783890
1654965
1803735
1952100
1949400
1756755
1978020
1992735
1685880
1866240
1925505
1898370
1814535
2058075
1973295
1818180
1764450
1893915
2106675
1588815
2172825
1902825
1804410
1807785
2547315
1946835
1825740
1767825
1896750
1757700
1923615
1697355
1959525
1941300
1716930
1654020
1850850
1809540
1767690
1630395
1751220
2035665
1760400
2007450
1728540
1634175
1903770
1864350
2235600
1813320
2034180
1790775
1742985
2029995
1753110
1746360
1780380
1750140
2110185
1690065
1996650
1861785
2210895
1689930
1873260
