95060
71489
69355
70325
77406
80413
76145
97194
94963
70325
78861
70325
100589
99716
77115
73041
84584
84099
95157
75854
80413
80607
73526
76145
82159
84099
74205
99716
82062
83420
74011
70519
123578
87688
73138
72265
70713
92344
102529
76339
90113
79346
87591
106700
105051
64505
72653
78376
69064
65475
86718
65766
92344
74981
70034
71780
75951
84002
86524
74496
97194
99134
76533
79928
95060
92635
84875
78376
80995
77115
97388
69840
67221
90695
83323
78376
88464
71004
67124
93508
78473
99522
87785
68385
74981
92053
76533
89725
96806
85554
82935
91277
66445
72168
86718
72750
81092
79346
82256
74496
