802620
1191456
833616
870156
901908
860076
876582
782712
907452
919296
889686
815346
801990
793674
932274
899766
793422
836640
840798
879732
781326
810432
897876
795564
843822
1002456
763560
811188
814968
769104
966924
906318
1027404
767970
810432
879984
767592
741132
861336
928116
1007874
829206
953442
900648
842940
792288
963900
821268
977760
809172
862218
760662
796572
845334
804636
814716
781578
809802
867258
809424
820386
937188
801612
867258
920934
872550
798462
831600
916272
853272
855414
815724
841932
804384
914508
867132
884898
831096
761922
807156
895230
859068
874062
809550
1029042
914886
820386
775026
906948
789264
776034
900396
800478
868392
804762
780444
834372
956592
927612
805644
