35583
33582
48111
31581
34626
36018
38541
41238
33408
37323
33147
31581
32451
29232
41934
35844
42108
32103
35235
51069
29841
39150
40455
33495
33930
34887
30189
31581
35844
29145
36714
42717
31407
33669
36279
28971
46632
37584
60987
33756
35583
29754
32016
32451
52200
33756
38367
40107
35757
35148
36018
36540
37236
45675
38106
44457
53505
34278
31233
30276
44631
36279
37323
34104
31581
38889
31668
31059
44457
43935
43413
46023
34278
34713
30102
39498
30189
44022
44022
36627
34104
30363
32973
32190
35235
42891
34017
42978
29319
34974
30798
32538
31581
44892
34365
40107
34974
31233
44109
33756
