2378
2958
3886
4466
2262
3712
3654
4350
3596
3132
3248
3422
2552
2610
3886
3132
3248
2378
3364
2842
6032
2900
2900
2900
2146
3190
2204
2726
2494
2204
2900
1740
1798
2784
4176
3016
2204
2494
2900
2320
1972
5684
3016
3248
2436
3306
2378
2958
2088
5162
2262
3596
4640
2146
1856
3596
2726
2668
2436
2030
2842
2436
2494
5916
3364
3712
2610
2668
3480
2436
2842
3306
3190
3770
2204
1682
2784
1740
2842
3132
2088
2320
2552
2204
2088
2262
1972
4176
2726
2204
3306
4582
3248
3422
2146
3248
2552
3132
2146
2726
