15246
18634
18711
19250
20097
11396
16863
16170
18865
14630
13475
15708
17787
12782
15477
12551
18018
15785
18249
12474
17787
25102
18788
17171
15631
14938
20174
14014
13937
18326
12705
15785
16016
12628
16863
14707
20636
12243
18018
15939
11319
13706
13475
12936
16247
18865
15862
16940
17248
21868
15631
12628
15477
13629
14630
15631
12320
14399
15092
26026
15785
16170
13860
17094
21945
15862
20636
15169
15785
23870
12782
21560
16632
19866
24640
15092
13552
13398
18557
17941
15554
16632
16709
16786
18634
14707
12782
13706
13013
16863
15246
22792
17248
15477
18634
17017
16555
14553
15785
21252
