165784
187938
159954
176702
152746
166844
159318
159848
186242
174052
191118
187196
179882
161862
165360
245496
197372
162286
178186
177762
175854
177656
192602
173522
188574
194192
181366
190482
185182
162286
186560
188256
190906
198008
162710
200340
195782
179246
171826
194828
152322
152852
184652
156774
163240
188680
152958
160060
237122
167798
192178
171826
187090
172462
175854
186454
155078
161968
157410
175006
177020
175748
186772
161650
154124
157728
215286
177656
164300
181578
178398
195146
220162
175324
183486
166738
169600
171296
170236
160696
209562
174900
183698
160378
188150
193662
159530
178928
159530
202672
181578
199598
175430
185606
182956
176914
162604
170342
207654
178292
