786432
786432
786432
786432
786432
786432
786432
786432
786432
786432
786432
786432
786432
786432
786432
786432
786432
786432
786432
786432
786432
786432
786432
786432
786432
786432
786432
786432
702594
786432
786432
786432
786432
786432
786432
786432
786432
786432
786432
786432
786432
786432
786432
786432
786432
786432
786432
786432
786432
786432
786432
786432
786432
786432
786432
786432
786432
786432
786432
786432
786432
786432
786432
786432
786432
786432
786432
786432
786432
786432
786432
786432
786432
511851
786432
786432
786432
786432
786432
786432
786432
786432
786432
786432
786432
786432
786432
786432
786432
786432
786432
786432
786432
786432
786432
786432
786432
786432
786432
786432
