81416
67352
99920
93096
99392
47784
83304
63976
90584
45256
140512
144752
48896
100248
64104
112968
56512
61200
95464
124304
67352
43552
53176
51456
47776
68080
116240
61208
75672
56600
58008
62040
91184
97776
203424
191592
80800
165760
72656
53960
100176
164072
51640
113024
122368
95056
96592
93832
78944
116264
93392
38952
97648
50888
60240
48448
93112
70440
87064
95448
150472
52280
73048
144792
100128
57592
91224
138560
66968
95024
118024
62248
53032
38744
117144
97560
97232
192568
55992
164008
116808
69224
82832
71352
44848
60464
58968
40912
97344
36088
102616
68200
63672
50544
84608
37840
59760
101120
41256
60088
