2537
2183
3894
2360
2242
2891
1888
3894
2773
2360
2537
4071
2360
2537
3127
3894
2124
3127
3776
2242
2596
4838
5074
3068
2360
2242
2537
3599
2124
2183
4307
2714
5782
2832
2065
3304
2832
3127
2419
3068
2301
3127
3009
2950
3363
1770
1888
3009
2714
3363
2065
2065
1888
2301
2301
2596
2537
2891
2537
2950
4602
3304
2950
3540
2478
2537
2537
2596
2419
3835
2242
2301
2655
2832
2596
2832
2950
3009
2360
3186
2596
2832
4071
2832
3245
3717
3363
1888
3127
3894
3540
3009
1888
3186
2537
2183
3658
2950
2714
2478
