1855
2360
1510
1150
1810
1430
1860
2525
2410
1790
2240
2330
1925
1105
1910
1895
2295
1960
2515
2355
3030
1645
2180
2425
1290
2210
1600
2395
1980
1765
2710
2355
1030
1310
1940
1725
2320
1455
1670
2105
2395
1205
1520
1460
1375
1615
1975
1050
2765
1715
1435
2270
2395
2135
1495
1390
1620
2160
1205
1285
1845
1410
3170
2065
1345
2430
2025
1665
2555
2295
2255
2835
1720
1360
2590
2365
1485
2630
1235
1560
1435
2365
2595
2120
2290
1645
1740
3080
1250
1180
1400
1810
1885
2110
1525
1450
2800
3190
2560
2150
