77736
8412
49395
79023
83223
37191
9546
57894
20934
50523
116790
17289
124497
52749
25281
101034
36306
44175
14850
531753
51444
44358
208125
40959
461766
153492
6810
24900
11646
141096
80688
23814
36954
115377
27753
86646
60477
16782
169335
73458
47280
221514
28482
111582
152262
117162
219246
184035
135180
25299
99660
138084
71901
269373
3543
11688
108207
130032
28530
21861
13716
103377
111327
69654
351597
141495
70299
160248
50172
277722
55644
17094
13797
204930
41142
131226
59151
126687
13626
624687
29520
30123
5148
25350
152184
51468
316956
268572
262797
45099
95928
183519
33438
7776
288939
255984
477945
52095
6549
38208
