11725
8120
7749
7714
8141
7581
10668
8260
7350
10171
9226
10094
12208
8085
10353
9079
8400
7112
10353
9016
8015
8596
11508
7203
10542
6853
9667
8022
9485
7658
22148
10563
7189
11662
13104
9219
10626
8246
8764
11536
6433
10486
11459
9912
9205
8386
11151
15288
14714
7763
12026
6384
8967
9765
9709
10647
8043
11564
12936
7434
14168
8554
10178
15085
12474
11312
9247
8610
14021
8218
7147
9086
12523
12292
11802
8967
15505
8610
14882
9856
7952
6573
9534
12593
9912
6965
7266
7826
14609
10605
15554
13867
8904
8204
9345
13594
8876
6559
8337
9828
