808572
884166
914094
909063
901194
853077
857850
924672
940152
991623
870750
845724
900678
891390
837081
1002717
891648
851271
908418
899001
832566
1068120
849336
934476
986592
944538
914997
842241
858108
885843
787029
1003104
827922
886359
870750
1012392
801735
900162
833082
857463
844434
855528
996912
912159
929832
888294
920157
807282
905967
802509
865461
972660
918222
972918
936669
870105
842370
877071
881586
857721
917706
846627
913320
877458
1128750
866493
958083
930477
885327
875910
883005
965178
821214
928800
912933
1037547
846111
851271
962211
873459
866622
859527
838242
898098
853722
867525
928413
1058703
993558
840177
857721
917448
982851
989043
924285
812313
856947
910095
864171
820182
