211890
238855
190920
210250
234035
264110
246165
249885
245845
266780
227065
256385
295530
217360
226075
218770
223770
210980
204840
187785
220965
245315
216235
224515
260245
325675
211995
246580
223425
304600
213265
221840
202005
210035
265545
333475
239230
205945
201460
284865
267390
231765
253430
275940
233620
285775
236270
194485
220420
248460
261030
216310
269385
211165
232270
272165
228615
186550
198965
264035
243775
243440
263335
259955
206550
250895
264900
251485
250845
225970
232035
270680
233255
214390
244575
179455
253250
223175
204695
194960
251330
214835
263160
265245
258655
217785
318725
220245
199805
217930
202395
221130
228510
208335
235355
202530
231915
213010
221455
251925
