11672
11976
16152
10096
20832
11316
4752
17396
7092
17020
2280
7980
7984
16860
7412
932
1128
16212
10632
5984
6724
1064
4624
656
2260
5044
21544
4540
6100
8416
4068
4628
5864
1676
4000
22996
10268
5996
1472
6180
2964
2360
2680
752
1184
9592
6672
15588
25040
15224
3348
9436
7932
5508
8464
9980
12364
4444
9860
4472
4956
17516
896
2144
1924
13932
3592
4004
2384
12088
768
19176
8224
28592
2116
16408
25188
10756
14476
436
22716
15760
8004
3564
248
3676
18864
8768
9240
5360
3776
26260
11180
21336
760
2664
7892
3908
12844
21752
