11725
8120
6769
9800
7035
7581
10668
8414
6804
9555
9226
10094
8981
9128
7112
9317
6622
9177
15393
8876
8015
8596
11508
7203
10542
6853
9667
8022
9485
7581
19383
8883
10080
6517
9520
11522
8155
10248
8449
7350
6433
10486
11459
9912
9205
8386
11151
11382
11452
9464
12026
6384
8967
9765
9709
10647
8043
10157
8883
10094
14168
8554
10143
12117
9107
15617
7679
8855
7511
7805
7147
6545
8911
11921
9870
8988
9331
12831
11025
9709
7952
6573
9534
12593
9912
6965
7266
7826
14609
10605
15554
11704
10136
7875
10605
6629
15582
6818
8337
9828
