14375
10511
12535
11017
13800
11155
18124
12305
10925
9982
9177
11293
10235
11592
9637
14329
10626
10097
10603
12236
8993
12374
9315
11983
10189
9384
13593
10419
13018
12535
13662
12466
10649
8579
11569
11339
11776
9085
11638
9108
8625
11707
10442
9683
12627
13662
10373
12397
13294
10580
12650
12144
12029
9890
13593
13018
10695
8510
11454
10166
11523
10534
10097
11684
10235
13823
10580
10511
12328
10442
11063
10649
11109
15640
11247
10741
9867
13524
12857
10327
12489
9338
17526
10580
8924
9361
11776
13938
17572
9936
14766
10925
13386
10465
9798
15042
10327
8832
12604
11937
