12121
10212
9177
11799
10833
8119
11132
18124
10879
9729
8280
11776
9890
12857
9154
11661
10833
9384
10649
11776
7958
10166
9867
9085
11638
8119
7728
13317
8947
7613
9660
11362
10764
11270
12305
11776
9039
9936
10258
10948
8625
8717
8510
10603
10557
8717
10971
8947
16468
10695
12650
10005
8809
11845
7866
9131
10189
14973
11454
9246
11523
10534
10097
11684
10235
12098
7291
13340
10304
9315
9683
10787
12305
9361
11178
8625
11454
10074
12696
11339
12489
9338
11063
10028
10925
10442
8257
14536
11500
10787
14766
10925
13386
10465
9798
8855
12052
11063
9200
11132
