40475
32824
39478
31263
30263
48940
38236
39998
44517
29738
38196
51833
36360
28075
36665
48677
40026
67480
39331
40357
35084
44952
37582
35324
33529
36699
34403
50417
33325
69414
31672
47705
32651
43763
37619
38325
38814
45420
38926
36974
38887
38002
39259
34287
52569
32643
36545
36493
31939
37465
37824
34700
42624
43346
55895
28987
36601
36080
47840
32234
33473
46392
36700
33615
34916
44422
32804
48791
57037
37003
49274
52056
38186
40455
29246
31042
37029
38013
46028
46097
36347
38700
39199
29819
34920
28786
51583
36625
39325
30379
42032
34933
49017
31445
35728
37694
26655
38721
44219
35042
