724334
684290
1272244
734902
972524
693920
1121930
795362
1232338
915880
1190972
1161508
743152
821430
942486
1117748
1355140
632120
825704
665710
794012
793522
936750
707926
771782
1287572
1236002
961956
770168
851908
754256
1036050
829380
947738
734950
928934
1069694
1707646
836174
813148
782036
614830
823836
1025972
814444
956222
720238
852886
739242
951416
947342
854726
779976
1078750
902744
996930
959658
832594
1000404
767952
888666
1034956
859828
819806
1039674
824114
1148546
747962
1282392
1056290
1306696
809818
938986
693224
674420
767814
955312
818934
692100
797550
752484
1086796
927378
791830
810248
1462490
803052
867188
770594
779836
1038562
1262628
768756
939522
1137780
1119432
1011012
740860
674944
1520318
