364806
406224
439452
452790
396864
428103
374751
448227
402480
449280
428922
350415
496665
455013
379782
359073
343044
424008
369837
414999
421551
401661
434304
375687
366093
406224
368784
438867
394758
446004
380835
386217
375570
364104
374634
464841
359658
385281
370773
421317
423540
394875
402012
432549
409734
342225
397683
376038
399672
426348
366795
397449
436176
345033
399438
346203
492219
347958
384813
408915
396045
427869
409734
530127
406458
363636
372294
550485
389142
379080
394524
377793
352989
356499
347841
416169
406458
376389
385398
370305
343395
333216
390546
351819
349128
367848
413478
352287
372762
471744
383760
396630
399555
327366
427635
394875
373815
380718
409734
413244
