161780
173583
206257
222500
177969
191511
160983
164487
255624
207254
170359
223786
173791
208029
193622
201687
198975
255675
148301
164783
186475
154847
197209
199510
160388
203958
255337
176089
212426
182644
163206
175401
166041
163545
225670
221167
183305
217695
195150
173380
240650
192713
172576
186023
189983
190867
191997
240956
162193
192790
234925
148064
178195
167494
183309
190973
223967
191332
200919
155775
157525
179842
168823
194906
154174
265533
200346
192538
200012
180020
156435
158872
222189
181146
160877
205108
141195
155681
165542
166611
175976
151438
160478
185735
186527
147938
185398
152294
215471
181933
267217
199272
200747
174905
240564
172100
211841
174541
167440
179568
