724334
331602
378296
329936
547472
392042
279046
535854
407546
314980
540948
523286
497472
335102
308936
444482
319952
313368
464148
389266
365710
724048
439128
549482
666494
411650
377034
406412
440294
486546
308988
342768
370156
297020
548310
630408
459690
368210
404752
373470
331918
442912
316044
319738
418614
322028
280428
306802
343628
532604
481550
431752
374204
347976
465962
405940
410638
312884
484236
330164
339142
340988
334838
479442
711366
362854
384752
325570
341832
335582
304008
300856
535566
458240
521496
374362
797284
759320
334092
287830
452104
398504
445144
413640
593216
581474
358570
352614
617632
534080
371168
411272
358770
310422
473714
336768
388822
292712
432214
305960
