686098
870272
820310
715368
913394
721504
730758
647168
699128
736574
811420
780022
903346
767236
802956
950434
860166
739966
689758
1265856
874408
743696
779998
902176
745020
885674
880542
744834
790130
751458
861576
752830
942118
876736
987518
794820
872594
799710
1061718
820066
866728
764002
742322
853828
763466
798870
959060
701702
752236
772716
736332
673582
858316
807640
674048
795414
945010
727510
721476
734170
777888
732290
918068
788324
786388
838778
816230
887466
781920
1039814
637252
795506
965244
787018
833010
705944
829776
781934
830574
1045398
754242
966072
692162
1075964
837680
754396
978122
760702
748380
1005704
762344
795494
838264
1096548
738018
746260
813526
658196
897684
836128
