6436
6380
7548
4646
12122
7944
5308
6102
9320
10890
8046
6466
9032
6258
8980
7204
9156
14226
13602
5498
8224
9036
5278
6560
10904
9246
8490
7092
8042
7896
9654
4378
15948
15862
4032
6284
14182
5884
8598
7604
6968
7206
7004
6538
10842
8966
9876
10992
11194
11142
8014
6870
5766
4772
6020
8520
8046
5110
7846
8780
11474
6892
7344
15020
10196
4762
9906
6384
13226
7036
5296
7308
4930
9528
15802
10602
10146
11534
5666
5278
12260
8900
7284
5368
10420
13532
8392
9104
8492
8986
9972
14816
6718
8450
8892
7192
10686
8160
9552
12230
