211890
250525
191140
213645
247255
246715
235055
300395
426120
390985
227065
256385
295605
217285
268875
373555
276300
202065
226300
361225
220965
264820
196730
255280
256470
326540
211170
219550
227810
318435
263480
270305
212395
269135
396535
287655
380915
300040
390835
215600
270980
323955
236375
295060
233670
289435
217170
338590
254610
261560
473945
227300
221780
267135
272165
228615
260880
324670
248695
212715
317135
228635
247635
257995
269815
264710
281935
205475
261735
388025
232035
270680
243055
204590
275745
189900
223320
239170
306935
318180
251330
276075
201920
265245
281070
257455
256640
246580
289080
293555
275045
271885
227955
179205
231005
220655
218255
199540
305305
230105
