46776
57280
37256
44616
34520
57368
43768
67680
40984
58712
47208
56424
36880
38008
39208
49968
39808
62968
46840
46800
44512
46088
54016
45080
48360
44376
43392
43728
54944
41856
42680
50088
47560
54608
52256
41400
46560
48592
56600
42816
49040
54968
45408
53480
48464
52776
47776
51832
46048
47920
40352
42144
40336
42936
49488
45824
50568
44760
36304
37640
49840
53736
44744
48752
39120
40824
49200
43472
59560
62168
46232
55368
42664
47712
41664
38408
51784
59616
54280
49024
44784
39568
43960
39480
53840
52976
46040
41032
40584
42944
69696
42800
50968
44680
44536
38424
75480
38992
40792
45280
