26829
28908
23001
22968
22110
28083
25113
22143
28050
34980
30492
26103
31977
26697
29106
24618
31020
30162
23727
28743
25707
22704
37290
25377
21747
22473
25608
26664
31713
22374
31581
23430
25839
27159
29502
35079
23826
27357
35277
26565
27951
24288
24387
25740
23067
28281
39666
28380
22605
24255
35145
27192
26004
30723
32175
42702
32010
25047
28314
24816
21648
24585
26565
25377
28974
23727
25278
35574
21351
23463
29799
27456
33693
25245
32274
21153
34617
24816
20526
33000
26466
24024
32373
28347
24915
27753
24090
21912
23760
30855
24849
27852
26994
23199
27192
29766
22770
27291
26928
26961
