104553
84276
93636
133461
77868
79686
98361
96138
74169
109161
111123
91197
111960
99963
99135
81243
102744
109305
109602
137187
115443
84996
89982
133623
114318
85563
100692
102663
95850
101106
104382
100413
112581
77877
110268
103968
89829
88848
99468
110187
110205
94509
115056
121842
91467
93951
130473
105309
115839
88830
105318
96903
94239
85950
85104
90711
86256
101943
85005
102663
108153
101808
105489
127620
92664
90504
120366
122265
94086
93789
111357
109755
109638
100656
153837
120816
108117
91458
102825
96912
97290
88128
152082
90009
73278
96777
77922
93366
137511
88515
111663
123705
108306
96831
120555
92286
133065
115191
95184
117378
