20060
17187
32742
24701
26078
9690
12274
12002
7871
12393
20638
11016
19550
18870
14127
42262
20791
76347
50065
20417
8058
14875
15028
25568
14960
8840
7701
17680
21267
48586
18547
28900
23732
10846
12291
16388
51986
8925
57171
30804
27948
20349
29444
15164
7361
9503
30005
9673
82008
60299
12325
34289
7429
11696
26316
13889
25772
17544
20706
57392
11764
21114
58871
20893
35292
8993
24548
50354
17629
8143
8075
12512
43061
44710
31688
26792
18258
24803
11866
10285
13107
26605
18632
31433
28849
14722
27149
30124
19159
18972
9452
94962
12512
24701
29291
28509
13107
8483
14348
16558
