355628
379743
386295
382382
389116
356265
394758
338247
385112
385294
396396
383929
397488
345891
359359
337610
394849
338520
350168
317044
341432
441805
335790
423332
361361
356720
337974
326235
339612
381745
340522
366548
372645
332332
380926
361361
335608
393757
337155
345891
380653
338793
362362
393120
376194
347347
395941
379288
360360
377468
363181
346710
357994
348894
398944
357812
337155
372008
395122
378924
339248
382382
393302
407134
346437
358813
345982
336427
415324
370643
350714
388934
341796
336336
376922
373464
342615
357175
399490
391118
335062
318500
353353
359996
371371
446537
367640
347438
378560
354536
383292
362999
342433
363272
325962
344708
367913
382564
327782
529256
