4218
3288
5262
6336
3414
4434
6072
5820
5166
3822
5334
3516
5808
4914
5232
2934
4236
5652
4038
4002
4590
3900
3984
4950
5370
2970
4020
2682
3480
4344
4974
4332
5274
4530
4218
4170
3450
3744
3588
2598
3528
4284
5826
6930
3462
4182
4626
4266
4086
4452
3486
7068
3192
3282
3774
3264
4890
2766
5460
6276
4254
4500
3540
3726
4062
2622
4866
4548
3732
4266
4608
3528
5502
4212
4500
6564
5502
4026
5262
3576
5388
3708
3888
4884
4362
4188
4284
5490
3810
5322
3768
4656
5202
6414
4452
5466
6444
7038
8922
5934
