46776
57280
37256
44616
34520
57368
52976
46440
45088
39928
47208
67544
49432
53544
54088
35688
62968
46840
46800
48608
44512
46088
54016
45080
48360
44376
43392
51248
47424
41856
52280
52872
49016
46656
52120
37472
46624
53472
68992
57576
49040
54968
48144
64392
41864
57480
51616
49480
49552
50424
45192
48584
43208
60712
47520
77152
62480
57112
49336
50768
49840
53736
44744
49120
38752
40824
49200
62368
52128
53088
46232
55368
42664
47712
41664
38408
51784
59616
54280
49024
44784
39568
43960
43848
42056
46936
39704
48384
35824
42328
69696
42800
50968
64792
35784
51944
52064
38952
45672
44920
