6879
8953
5019
9954
5791
7154
6419
7115
7670
6458
7453
10205
6495
5120
6800
11060
8504
6981
6604
9744
6794
14101
6495
6150
9040
6062
9279
7451
8803
6137
5845
9759
7570
7954
5270
7961
6527
8934
6562
7546
5225
7256
7393
7255
8416
7010
7911
10522
8282
7195
5934
7938
10370
4745
7825
8176
8396
5604
7336
6499
8215
8922
7191
6187
7677
7304
9276
8916
9297
10233
7581
8334
6967
8660
8556
7297
6537
7468
6140
9140
8214
6909
9428
8213
9534
7949
7018
8593
9181
6294
6486
7954
8010
12266
7311
8014
6575
8710
7171
6333
