23412
9532
12388
18228
13302
15280
27344
12786
17396
12886
13688
14226
23014
18444
30918
19564
20072
25994
24628
30006
9256
19518
20476
12394
21772
15748
14768
13928
30482
15022
54590
32080
14026
15414
20810
13708
26080
13448
18478
18160
23028
11454
22384
13152
16968
27758
19654
23870
12724
15398
17774
20880
14668
12898
17918
11480
15862
17728
36216
19348
15026
25706
18802
11494
18114
17802
23154
39740
18242
18992
12280
10936
16798
20130
21732
14220
12674
30596
32438
13402
13534
18282
16646
19244
16118
11344
21340
30060
25486
20680
20524
18926
16592
18846
11706
16024
16532
17946
21760
17990
