63096
51447
54549
74151
81345
55770
50259
50721
49896
65274
48840
57750
51480
43659
69069
61842
81939
48114
51513
46233
85701
72831
56496
67650
64185
57255
42834
70719
66033
50094
81510
49797
61314
62370
69597
63459
120780
64746
70620
56133
51282
54417
45606
70455
56991
57618
66198
94776
57024
60885
65604
72402
66924
46068
73722
41646
71643
58344
67716
68013
90420
67287
56760
44220
51843
75405
58113
65637
45837
53394
65802
59796
44022
41844
50688
81279
52041
63954
93786
101112
59136
71874
76065
45309
64020
43428
52107
48510
68937
64746
81774
72303
44088
50127
125004
66495
100386
51150
44649
84183
