574190
267240
461440
545470
1154130
271920
740840
282050
810050
475890
542080
1044860
252440
1026990
482820
530580
709180
1262300
432260
656170
357340
264540
241350
454800
538200
209540
314620
409260
930790
664650
514550
288010
541070
429510
283930
273520
403260
374510
543990
359020
466630
246350
488420
581000
300960
1038890
486540
627670
307680
355070
503730
582410
390520
372440
480410
274540
640730
358680
608940
212870
282660
238820
295670
685310
276770
679240
298790
1344150
292270
458820
228520
1221500
413130
304320
244770
547280
232830
260420
236490
1227950
614310
332780
309230
439220
555860
254220
260950
526280
474770
802800
295440
322280
278610
337290
346240
236870
394820
526590
797380
883840
