166599
188748
173126
171735
184896
190246
152154
191209
250594
159644
192065
165101
160607
192386
169702
185752
165315
187036
186180
213144
178690
200411
169595
165315
198485
170023
209078
189497
176443
190888
187357
211860
164352
173126
183826
167134
189069
179225
186715
234544
177513
187999
183077
239573
207259
190781
175052
190674
144022
213572
165850
169916
181686
182542
152261
169595
177192
156220
170130
156220
190995
205226
154508
184896
166278
171093
249631
176229
197950
176122
167241
224058
156113
156220
169916
185752
158039
202230
174410
182221
199448
219992
198164
181044
189925
161891
169916
178690
237754
204263
182435
201374
205868
188320
192707
169595
196559
197308
188962
223951
