1982
2800
4362
2784
3138
3878
2600
2224
2738
3322
2936
3892
3432
2410
2658
1982
3580
2320
2722
2952
2236
2110
4058
2588
2088
1786
1368
2776
2572
2224
2072
4670
3680
4690
3012
5972
2618
2996
3632
4304
2688
1864
1810
2550
3112
3432
4668
3712
5026
2406
2784
2400
2618
3822
3186
1766
3428
2614
1508
2862
2626
3088
4352
2514
2764
2342
2778
1806
4004
2716
4050
2208
2894
3400
2346
3812
2324
2034
2334
2806
2912
3920
4668
3250
1908
2778
2658
1928
2390
3914
2516
2918
2498
2368
6832
2536
3804
2330
3720
3806
