12607
8519
16009
11543
10409
10871
8043
27048
9156
12467
11060
10052
10416
19236
9163
9730
15393
11907
19425
11697
8015
13531
13083
12264
9177
10738
15218
10815
6650
12103
22176
11354
11900
9380
9856
9219
11417
8351
8757
10941
6433
10486
12306
9163
9107
18193
8729
8372
11494
11256
12026
8582
11900
13118
9254
10661
14875
13657
15372
14938
14168
8792
9940
8232
9730
13153
13370
17808
9884
17150
7147
11172
19117
13951
9310
18410
12635
18928
8484
9051
9814
14476
19047
9268
9030
10024
11284
16681
17101
11431
21322
11788
7280
11788
13062
12845
8631
8071
10038
9807
