36872
36872
33264
34232
33616
27896
35024
42416
35640
39864
30272
32736
40744
34232
49192
37664
33264
31856
38456
65120
36520
39952
40304
29480
35288
31416
30272
26752
38896
31592
34496
34584
36520
39688
37312
40480
34848
38896
48312
36168
27808
38808
32032
39952
39072
37488
44088
36608
37312
35640
45496
46112
31768
33264
36608
30184
50688
51832
36960
41360
35552
45848
37224
34584
42768
34584
36696
29568
46640
38808
37136
30360
42592
35728
40040
33968
33792
33264
29392
41800
32384
30184
35464
35376
43736
32824
33176
33352
36960
37664
43472
35552
44792
32912
33440
28688
31768
33968
54296
43296
