68942
85514
58832
53980
86692
93190
80666
118520
67800
72802
83984
115458
109706
69878
84788
114854
98138
68722
98170
114374
63848
73514
77258
64384
64432
80182
158406
94398
82134
125900
73178
102228
75624
148624
92316
50340
79768
57074
70412
94238
102500
117248
182924
102012
73132
77922
104998
75416
83886
80704
66736
105818
118942
145518
100926
94920
84362
88816
106686
79398
79262
106138
61400
92340
117812
100984
81642
82276
93296
73510
76532
76018
88156
71874
123826
137304
83258
114414
139664
90186
122508
99312
66326
79608
77982
99462
65556
63938
104826
64500
86598
117726
80990
69696
105046
71234
98330
133368
59734
89976
