9724
7140
6596
6188
9112
7072
6528
6188
4896
7072
5372
5168
7004
6460
5440
7004
8908
4692
8772
7480
5848
6664
5916
7548
7888
5712
4964
7480
6528
5032
7208
7072
6256
5644
8364
5100
7004
6528
7344
5916
7276
7344
8772
6936
8092
5168
6800
6528
8432
5440
12512
8636
6664
5168
7344
7548
6732
8364
4284
5848
8976
5644
5984
5168
6936
6324
8092
6868
7684
7956
7208
5440
5780
8500
7276
7820
6052
6868
5848
6732
7480
5576
6664
5644
6052
8364
5372
4964
6800
6800
7956
7208
7412
5440
8568
5780
5712
6732
5916
8092
