46776
57280
37256
44616
34520
57368
43768
67680
40984
58280
46336
57296
36880
37016
40200
49968
39808
62968
46840
46800
44512
46088
50744
40736
39904
49752
56792
41512
77584
37568
42680
50088
47560
54608
52256
41400
46560
48592
56600
40336
49040
54968
45408
53480
48464
52776
44712
54896
46048
47920
40352
42144
40336
42936
49488
45824
50568
44760
36304
37640
49840
53736
44744
48752
39120
40824
49200
43472
59560
48080
46232
55368
42664
47712
41328
38744
47680
44008
51696
35360
44784
39568
43960
39480
53840
52976
46040
41032
40584
42944
68136
33960
46968
39584
62728
39728
50672
57952
42216
49704
