15834
5994
8982
6636
10224
13302
7662
9462
10362
9780
7458
10200
6498
10596
8682
7278
11700
8262
8166
8466
6798
14100
8280
7074
5964
6432
9276
7452
8802
7038
9072
9936
7284
7926
7902
8454
9468
8070
10170
7848
7734
7974
9882
9174
11208
6540
8478
7314
7128
12114
9756
7182
7308
5928
6942
9618
10050
7818
7872
7374
8220
10512
7986
13032
7476
6756
9708
6552
7128
7728
7584
7488
7812
8664
8556
7296
7080
6924
6138
9144
8214
13122
10446
8454
10014
7020
8592
9678
8742
10368
6486
8910
9714
12390
10440
9162
7398
13980
6402
6618
