4043270
4421310
1363990
1995820
577780
1761780
8554450
2751370
17542490
4763240
10500690
9728360
9491920
19028360
3614210
4031410
2039830
3525500
3073150
4036180
7228210
3342330
3710530
3643310
1005480
18188190
4980070
5769570
14278620
5917440
7188840
7371300
2723690
7176260
9144510
16014810
955020
3567210
26726720
11549710
3025420
4621650
2000550
12482450
2357270
709050
20692990
5079440
3174070
459390
2056560
3300630
6250510
13967950
5931130
9586150
2206300
7491730
7408960
1498730
4060160
1811920
25976270
2101590
4616140
26003640
1942960
2611490
17294890
4625570
2114760
11201400
7828680
3836580
9982980
1577740
3305520
3241720
12263900
6917100
1520840
7059750
752120
9102500
5713590
6788780
2911980
12681800
1148760
2738830
1331770
3060610
3286130
9868270
4114580
5798830
1534170
5714580
5036550
6485220
