456170
391640
455060
502080
500410
566080
393210
539740
400900
566780
505750
467030
443590
521670
428220
501610
465960
459930
467440
539830
460220
498820
523740
453820
438640
402520
443830
416500
623990
492560
502570
443730
397330
527280
464810
426310
426610
437760
503580
400330
456180
407240
419850
469920
516060
584480
494510
442410
445810
460810
503730
483470
551680
499580
482540
466970
460920
481400
605580
473660
498800
463410
450920
436820
413670
430160
411200
479190
446690
479810
384070
516270
390200
385790
438430
428880
539360
383330
540060
448310
497860
463100
469930
477600
415990
442850
516940
448000
545540
436620
514720
476240
427590
442690
426330
578040
370390
423290
479710
406060
