769874
796544
885698
852170
957453
792988
1088136
869442
796544
856615
901446
815086
808863
788289
935990
895731
803783
1059053
991870
819404
820674
1008253
778256
783463
768096
925322
834263
850392
934339
853567
810514
1006602
848614
817753
850773
788543
820547
826643
823595
1082675
821436
865632
870077
771779
820293
884809
824357
872744
898398
916432
863600
925957
929005
803275
985901
990473
889762
888365
782828
811149
840232
869188
786892
858901
835279
821817
851408
815848
915162
893953
1005586
823468
840486
849122
954913
857631
823214
789940
824992
809752
888365
735965
879729
834009
768477
779780
1174623
884682
871093
906272
919861
853821
862076
848360
722249
829437
900049
829183
939927
1045210
