3995
4352
3723
4998
5270
4063
4216
4913
4471
3706
5049
3774
5032
4352
4335
3570
3961
4029
4284
4743
4335
5168
5406
4403
3655
7106
3893
3995
5440
3825
4539
4131
4369
4233
4709
3995
5321
4012
3672
3315
3332
2873
5185
5474
4556
4641
3740
4913
3808
4590
3961
5695
3604
3077
6494
3961
4301
7157
5406
3961
3655
4369
3587
3553
4709
4675
4862
3468
4420
4097
4352
3893
3655
4862
3859
4862
4624
4879
5865
5151
5100
4165
3009
5542
5423
6443
4080
3689
3468
4233
5321
6732
3638
3621
4658
4012
3689
6086
4709
4012
