65536
65536
65536
65536
65536
65536
65536
65536
65536
65536
65536
65536
65536
65536
64844
65536
65536
65536
65536
1898
65536
65536
65536
65536
65536
65536
60616
65536
65536
65536
65536
38702
7214
65536
65536
65536
65536
65536
60366
65536
65536
65536
65536
65536
65536
65536
65536
65536
65536
65536
65536
65536
65536
65536
65536
65536
65536
65536
65536
65536
65536
65536
65536
65536
65536
65536
65536
65536
65536
65536
65536
65536
65536
65536
65536
65536
51452
65536
65536
22208
65536
65536
65536
65536
65536
65536
43948
65536
65536
65536
65536
65536
65536
65536
65536
65536
65536
65536
65536
41582
