4776
14208
8964
11484
3828
5004
19524
6372
5988
16020
7548
43020
6444
13116
5292
11640
4536
5016
12672
14820
7248
12312
18276
7728
9516
4728
7020
12516
29256
5172
7872
9468
22368
3012
15540
7968
17508
9468
16344
11496
17844
8364
29304
21036
7008
9192
5196
13968
29328
4308
16020
28188
15048
13512
17460
26448
31968
10248
9168
8472
15324
7956
11652
19776
17376
21768
7692
17568
20580
19236
3276
18036
7500
3672
26328
11136
14160
18024
10860
2616
8484
25080
4752
14124
3792
20076
17796
37080
20628
35340
8724
3540
9036
3552
15024
9876
11316
3960
31248
22188
