78384
72128
67390
95634
59800
55982
55844
56350
61548
75302
79718
73968
60490
60904
75210
61456
60766
62974
63158
69506
80960
64032
59294
62560
56718
59294
59156
65872
69828
70748
69874
54280
71392
67114
62928
60076
66976
57592
58144
67942
76314
65320
63618
56074
69322
60628
77004
58834
72956
82938
63480
61962
67666
61686
72036
73692
65136
58374
71300
67712
68862
78522
64216
64308
74520
69966
64584
60490
59800
72680
77556
69690
67758
55890
66424
74612
61272
81328
66746
69552
55706
65918
79028
54096
67528
56856
64400
68080
62422
52072
68034
85376
62928
53820
74060
57868
63940
58006
53544
67804
