5790
8130
6180
3714
2880
6330
5736
6108
7002
10626
5628
3714
5496
4734
6228
5934
8388
5550
5148
5202
6006
4044
3474
14706
4500
3618
5658
4050
4410
6498
7902
5910
5304
4146
5022
2730
4884
7746
8580
5580
3774
4038
5826
6930
5262
3768
8400
4980
4854
6054
3486
7158
3900
6330
6858
3534
7884
9930
5208
4416
5160
6912
3702
4308
2760
10362
5280
6678
4152
4680
6696
4170
6876
4404
9852
5034
6510
7044
6636
6528
8364
4620
4884
6738
6822
4764
3462
4938
8694
3996
7080
8802
4398
6402
3120
3918
6246
14364
5352
4890
