1740
2220
1416
1236
2892
1848
1776
1788
3216
2100
2112
1764
1680
1596
1788
1740
1440
1896
2460
1944
1764
2844
1344
1236
1524
3720
3060
1728
1596
1908
2544
2040
1476
1836
1944
2472
2616
2016
1824
2472
1584
1740
1872
2076
1716
2004
2052
1728
1800
1260
2856
1164
2172
1548
1716
2196
1500
1536
1608
3024
1740
3720
1968
1812
1896
2292
3012
1560
1548
1392
2124
1560
2628
1812
2268
2244
2208
1764
4224
1320
2304
1608
1980
1824
1668
2148
1740
2244
2028
2376
1380
1644
1788
3396
1452
2568
1752
1608
1812
1992
