52302
61732
53544
57454
65274
59524
57040
52348
59938
62238
79718
73968
60490
56212
79902
59892
57960
67344
63158
69506
80960
64032
59294
55660
59018
62468
58052
54694
57914
61226
55522
63940
76084
67114
62928
53820
73232
57592
56856
69230
76314
52394
76544
54648
63986
60444
63848
57776
70886
54740
62100
54326
64952
60812
84640
73692
65136
58374
71300
61732
68862
63756
54556
66194
55844
68770
58466
71024
52256
58374
63158
59340
67482
70656
56534
60398
66884
67712
72772
69322
54050
67574
56304
51888
58006
50416
51382
71254
50738
56948
64032
63342
56350
63480
52486
73278
66148
61548
56166
67022
