200740
207460
165990
195550
248710
223750
164270
235100
224960
232410
181360
241540
180160
227610
266920
264720
215020
217920
188500
204840
219650
255470
211300
205670
222980
202960
268400
251730
192250
232330
199670
212840
195540
194510
225680
250550
207810
229050
220300
201730
175530
224430
211750
171190
233830
251100
226590
203570
187030
204150
256200
277750
193920
201170
219970
227250
225690
194670
170550
221340
267750
218720
251530
225600
216200
210890
217720
235880
209050
210600
217510
188850
246410
181650
230100
197590
222080
177050
256410
212310
239200
197690
177420
263880
327310
290920
199120
208650
189290
206460
183340
227700
294710
195210
238740
218190
208300
187510
206520
242920
