416178
367830
404334
584856
416898
406602
432387
437787
349272
400707
512955
418374
475452
357579
444087
444267
436338
347436
402183
420885
440163
389151
410814
410013
502299
411795
390735
358389
505503
410076
430794
482994
364482
438363
493758
397413
436293
399861
530856
410031
433368
386874
384516
460773
438408
582426
359469
549198
421470
449523
513540
359748
529533
428112
385452
409518
483030
394542
552249
485991
388944
385263
439920
409878
530784
368199
423738
373815
365004
498042
338202
440694
447120
427698
502542
356796
459306
371358
422280
481707
377127
483030
477666
406404
418833
391293
446013
442809
366372
669159
466497
405297
383022
432225
436023
473994
407943
465300
390132
337959
