4869
8193
7956
3753
3177
4191
7155
3438
4437
4791
4101
3792
4425
4596
5262
6174
5163
3585
7350
5178
6009
5046
10200
4641
4449
10401
4311
5487
4932
3078
5271
4821
7749
3753
5361
4197
4143
5766
3909
5571
3882
3339
3888
6951
6885
4638
5976
5748
3999
4419
4413
7197
3831
3432
4083
3516
4734
3003
7044
3534
4947
4680
4059
4728
4587
4674
4095
4752
4470
6057
7362
4260
3630
3846
5481
7473
3957
5697
7233
4212
6774
4011
5397
7638
5007
3531
6228
3834
6513
4788
4038
6222
7209
4839
6999
7065
5211
4263
4590
7701
