69482
76048
85946
89866
91924
66934
84574
75852
79968
69580
79282
77224
76734
118090
83104
75852
83594
86534
88592
88886
87906
78106
73010
93100
70462
74578
75950
65856
80556
81928
80752
90160
111524
94276
78596
66444
76440
85064
73990
82026
69188
83986
71932
75656
92218
83202
95158
72324
77812
72912
80360
75852
84672
95060
77322
67816
77322
94864
83006
83790
89572
76930
89572
88004
95550
73304
75754
81242
88494
67914
97902
79380
69776
121422
83104
93002
78792
88102
74676
75362
78890
124558
72814
78106
88690
77518
93590
63896
71638
104370
70560
83496
78008
82418
82222
72226
83594
90258
94080
82810
