20279
17976
21945
19880
30758
20531
30233
18865
22743
19264
34160
21938
36680
33299
23128
28735
18368
20769
21049
17703
24668
18788
17283
20125
18221
18550
17822
20489
19257
21371
30247
18893
24906
18564
16289
21378
36106
31906
19257
32116
19768
19334
19782
21343
26285
17493
20741
31010
18641
27510
25739
18515
18529
21777
21609
24108
15911
25816
15890
28133
16772
19922
17815
29085
19572
18284
16149
22974
19026
23058
23303
23485
18970
23716
28742
23135
21413
21287
21616
28980
19453
22953
19229
19845
24108
20972
22897
17528
19887
17416
24661
24381
21756
16324
24248
17605
20454
27216
19901
31101
