125280
117900
176031
92745
132210
168714
79785
142182
317439
105129
185859
249471
171270
215019
120366
101619
456678
132930
234936
153378
205479
257445
119475
108054
801045
378243
160128
257652
96660
246429
104382
174753
130698
98838
204741
423486
383670
220257
206514
255627
256518
310419
191556
169218
152766
127980
267102
139599
148221
165825
281979
224712
109395
136215
160515
108576
596439
147492
171351
382221
124380
118647
212895
191412
158670
166878
88533
373932
162576
222525
176157
271323
380961
180018
139977
96093
214011
204039
230067
88875
105876
301149
131877
174357
262386
272259
286722
295731
217476
231732
282942
231273
209655
189018
118035
170721
139437
196002
123966
95877
