1740
2220
1416
1236
2892
1848
1776
1788
3216
2100
2112
1764
1680
1596
1788
1740
1440
1896
2460
1668
1764
2844
1344
1164
2424
2892
1080
2244
1812
1800
2544
2040
1476
1836
1944
2472
2616
2016
1824
2160
1584
1740
1872
2076
1716
2004
2052
1728
1620
1440
2856
1164
2172
1548
1716
2196
1500
1536
1500
3132
1668
1212
2580
1968
1812
1896
2292
2580
1872
1500
2124
1560
2628
1464
2364
2496
2100
1872
4284
1884
1404
2616
1872
1692
1116
1452
1464
1860
2040
1740
1380
1644
1788
3396
1452
2568
1752
1608
1812
1992
