109715
83975
161490
107235
102325
89430
128195
76965
102550
110670
132690
124935
84780
117690
107545
97670
133085
124635
111780
82500
114470
92725
100415
99915
187065
165805
105000
84290
118400
99190
96870
123165
97815
105995
116935
87765
105310
94510
103100
117990
104350
80800
84030
115830
107545
108455
115320
141825
107030
109780
85935
97480
169205
115480
102500
96260
95160
97320
110975
102605
96730
121415
98990
98265
96490
137670
120720
95480
102450
89275
135500
87410
124170
122495
127645
121815
146440
100555
111620
124645
102090
117045
126410
105210
107805
110975
132460
124980
134670
107245
120350
142100
153935
114860
94220
115910
124090
96310
111740
111580
