65536
45948
47904
52084
49552
67260
50084
51048
43264
54804
55916
55116
39512
46464
43932
62604
54316
51188
55284
64784
44012
52420
51876
52284
38556
47640
51488
40340
52560
62600
45724
45064
44224
60392
44292
71460
54152
56380
50108
45872
52544
54788
55684
54788
38092
39516
43036
50844
58580
51988
56764
61916
58932
67408
44640
64456
62700
52988
45124
51004
38256
53020
62488
63468
68512
54732
43584
41484
63980
41192
65600
50280
62904
42664
39128
43676
56100
56632
48656
55880
56804
68348
51892
48352
38256
42384
50076
56452
47284
52068
43916
49560
45928
51204
53948
48012
46176
50344
52980
55200
