48802
29606
55136
35272
42028
29758
63874
39780
54148
35134
39036
28704
52300
35156
44244
31876
28240
64386
28964
30638
36494
73040
33244
37992
46762
42324
26968
43732
54094
43990
45628
38998
33600
31824
40628
47642
55512
54828
43194
24442
37528
32544
67676
59740
56430
29302
59426
41178
61910
50704
29416
38526
35176
38710
23704
33052
40570
55570
36924
34810
24542
51300
42066
34794
32696
45896
33090
35614
39138
52204
39106
30834
57058
34860
48494
37936
30146
37682
28084
34056
33816
39608
72202
33850
36372
30940
31544
48290
28498
29750
33746
42394
31220
49324
46670
72252
45820
32008
34174
51750
