945828
1064766
1088760
984141
869718
969951
957180
898356
935250
923898
973176
875136
964146
914997
952149
942732
941313
946344
902226
898098
875265
923898
938475
946860
986592
987495
954729
1037805
881715
969306
917448
974466
987753
937959
926607
1013424
956664
1018713
981690
947634
969693
998718
925317
874233
936153
977304
951117
913707
991107
886875
865461
972660
920157
973176
1046190
1002072
919512
999234
905580
1077795
917706
870750
889197
877458
1128750
912159
928671
914223
948666
1006200
1217373
1052382
894099
965178
1003104
1107078
870363
919512
881070
927510
1012134
1069668
958728
954471
1000137
934476
958083
882489
873072
1012134
862107
1018455
1025937
885972
917706
955374
1153647
925317
919512
920286
