204110
204090
222000
203440
195160
222090
253520
292390
200530
308030
188180
234720
180160
227610
266920
319880
225570
202160
212820
222760
219650
260070
242600
383520
339910
229780
233380
216220
272410
197710
199670
212840
217890
176380
317810
325470
270920
245740
288460
332970
217870
238310
197450
204650
274140
285130
247570
187570
238940
204330
256200
277750
193920
201170
225970
321640
231610
223540
285510
231400
267750
233290
236960
255440
287520
219950
208570
246480
256210
266490
226540
246330
224370
228580
238580
242830
194870
199500
268810
301440
274200
222150
194590
240450
204860
217590
240610
241570
200590
214790
183340
233760
303460
183320
235820
218190
208300
187510
206520
242920
