77528
84256
77048
86136
80696
90320
100776
83680
92952
69680
119424
75248
86904
109656
93616
76736
110256
104128
103768
106080
84936
76032
85016
87728
103488
97928
94176
108736
81640
100696
87184
89416
87024
96136
93200
98008
84488
83536
88208
86664
100808
139848
113800
78912
71160
82000
102176
76472
110984
84960
87560
103424
89000
92856
91608
86632
75824
83600
105312
83536
89048
68480
102176
95512
82096
78744
77096
111968
74064
110624
114416
93832
104128
110240
114880
92728
97784
96392
100240
95824
99992
97232
76984
102912
95840
91400
69984
101928
133288
94680
83800
97904
85248
113280
86256
104808
101584
72144
97112
129120
