7428
7530
10052
12122
8052
5200
6102
9320
10896
11876
8046
16308
14430
27898
10574
11036
7176
9828
15622
12578
8224
19638
16562
12354
7254
8842
10540
4262
18496
6834
23360
10714
19266
22886
8598
7604
6754
14980
7254
10010
6998
13862
23330
8340
9038
9350
8850
9344
6542
34926
21008
6962
32020
19468
16160
5302
16296
9200
30382
6570
11474
22632
7824
32850
35194
9658
12578
4390
17022
27986
10384
17500
11068
5040
38060
14050
38000
5262
8572
9114
14990
7238
10568
42498
8530
8918
23592
12286
5666
17534
26124
24516
6856
16146
5818
8796
8414
20828
5142
14454
