12121
10212
9177
11799
10833
8119
11132
18124
10879
9729
9177
11293
10235
11592
9637
12466
13271
10143
9039
10327
7958
10166
9867
9085
11638
8119
7728
13317
8947
8993
9660
11362
10764
11270
12305
11776
9039
11868
9039
10235
8625
8717
8510
10603
10557
8717
10971
8947
16468
10695
12650
10005
8809
11845
7866
9131
10189
14973
11454
9246
11523
10534
10097
11684
10235
12098
7291
13340
10304
9315
9683
10787
12351
9315
11178
8625
11454
10074
12696
11339
12489
9338
12972
15134
8924
9177
11960
13938
17572
9936
14766
10925
13386
10465
9798
8855
12052
11063
9200
11132
