215708
225724
205136
260688
150550
198314
240706
180742
157692
268366
159224
216206
262424
342352
251972
237954
213210
192354
226970
211246
154770
214360
305400
164600
202624
200948
169708
174240
169048
235162
264040
165332
256580
161330
147632
196906
154682
258522
147752
169794
155718
351108
255826
191234
136988
199086
300166
205434
160136
178832
254644
171754
140598
181774
162900
176094
195242
316466
219956
217830
156620
189654
152204
176444
182866
157178
245722
199772
281338
157278
258358
158138
191946
138330
173346
206892
240280
179426
131944
163350
192092
253646
182966
142660
164234
302018
185380
184560
204890
201080
156686
238518
186340
215668
132644
168160
223740
283942
268738
132400
