155052
170920
207560
211942
121236
132258
178528
179998
177924
142276
238834
150502
170338
222776
159806
216364
243660
188122
188884
177126
164300
157630
170024
175470
206976
160866
143248
167974
190924
145854
174364
152046
194646
156154
135194
160992
140808
156706
167060
176420
187828
293470
227602
136892
163258
136224
147862
139554
142210
177416
175108
206854
178000
176364
183188
161286
181426
136974
155242
192108
176862
133754
156850
204632
164800
153890
160998
258456
142316
227056
228824
158708
237206
220486
229764
165254
160258
164316
145812
194216
183760
168190
152160
164102
161860
132490
166150
130928
192622
151422
167598
180730
185574
226548
172522
209608
203176
144280
156976
179340
