16848
19578
14118
14898
14898
16926
18096
12090
11778
19344
14274
15990
14352
17784
14118
16536
15288
15210
14976
17940
15600
14586
13026
18876
14586
13650
23166
19656
15522
17550
20748
15522
13962
15600
21762
15834
17082
18876
15834
15132
17238
17004
12246
16770
14274
16068
13650
16458
15054
22854
16146
15522
12324
18096
14742
13962
13962
17082
17316
14274
18876
18564
15444
16692
15834
15912
13416
15132
13806
18564
15600
21060
21138
17472
29250
15366
15132
14664
17706
13806
13572
20358
15288
17394
12324
18018
15834
13572
17706
12324
15366
13260
13728
16068
15444
14976
17316
19968
15912
12168
