389935
381108
348530
404222
369369
356265
394758
343980
405769
361907
396396
402857
378560
373191
364728
385476
345891
390572
406042
374556
341432
441805
341159
417963
361361
356720
350805
408408
372099
417599
450177
400127
371280
406133
411957
433251
410774
383201
384657
390754
389207
394758
383474
447265
383383
367094
374374
420602
348348
439257
385112
368004
355992
401310
374920
395486
430976
365820
341705
369824
366366
378014
382655
395031
382200
393393
402402
370916
359541
388115
363363
419874
387387
355992
350896
380926
376376
351442
330057
369824
351624
403767
385385
408772
354263
403312
397306
378378
374101
427882
384202
362089
342433
371007
361816
390390
403676
358995
393120
412321
