2001376
1782960
2227408
1989680
1858984
1965200
1886592
1884008
2060808
1878568
2109496
1722576
1816144
1785000
1770856
1632272
1780240
1694696
1865104
1844704
2256376
1923584
1813968
1721080
1844976
1888224
1661104
1727336
1734272
2072776
1979888
1705440
1838992
2066112
1906312
1713600
1849464
1840760
1946296
1696192
1763240
1730600
1728288
1931064
1747464
2067336
2050880
1786904
1717816
1870680
1789216
1761336
1984376
1846472
1754536
2507160
1653488
1804040
1821448
1907672
1980296
1806216
1689120
1720128
1806352
1728152
1983968
1825664
1904816
1900600
1856808
1963432
1900328
1752496
1672936
1634720
1896112
1923856
1806624
1895024
1842392
1750184
1711424
1958944
1757528
1781872
1750592
1956224
1953368
1673480
1752904
1730328
1813016
2118064
1710200
1740256
1755216
1686128
2033336
1752904
