34764
30808
34774
34214
26018
34506
29732
52210
29734
40934
58552
37608
62880
31876
38646
24266
44480
32514
30510
27986
42286
27880
25126
42606
26394
28344
39504
32858
39764
32214
51842
20964
28182
35754
37202
40998
70284
54692
33014
36688
19526
36762
29006
52234
37566
33054
25410
46016
38794
62764
44122
30112
27674
43048
30144
31860
37014
32394
28446
26446
28742
34152
30546
49862
33552
31340
25412
35430
28592
33596
39938
40266
27670
29930
40992
42772
20738
36716
35740
37808
33344
39348
32964
27420
47926
35952
39254
30046
37500
32106
42272
41790
37296
27984
30842
36432
34000
36808
32724
30836
