1079657
1084540
1093535
1078886
1075802
1073746
1080171
1087110
1074260
1090708
1082227
1075545
1080428
1088909
1055242
1083512
1073232
1076830
1070405
1061410
1066550
1080428
1080171
1080171
1082227
1077858
1088909
1080685
1076573
1093278
1072718
1074260
1084283
1075288
1087624
1096876
1092507
1084026
1078886
1083512
1089937
1074003
1089166
1090194
1080685
1081713
1086339
1058583
1072461
1090708
1080428
1095334
1074774
1077858
1075031
1083255
1087110
1087110
1077087
1079400
1082998
1086596
1093792
1082741
1073746
1086339
1080171
1085311
1086596
1077601
1098418
1086082
1082484
1078629
1087110
1098418
1081199
1071433
1071433
1078886
1079914
1077344
1084797
1087881
1087110
1085054
1075031
1072461
1078115
1071176
1091736
1075288
1075288
1075802
1094563
1086339
1088395
1066550
1082484
1079143
