403630
397114
401820
407974
404535
398562
405440
401096
401096
404535
405440
406888
411775
402001
400734
409241
406164
409784
407612
392046
396933
408698
402906
402725
401458
403449
403087
394580
405078
404173
401277
405078
395304
402906
398924
407974
402544
403449
406345
403087
413223
406888
401820
400734
408155
404716
407431
399286
406164
403811
405802
405259
399648
407069
403811
400734
399286
405621
402363
406526
401277
402363
405983
392589
405621
403087
402906
397114
405259
395847
398924
400191
402182
409784
396933
403087
405078
399286
404173
400191
403449
400915
402544
402906
406526
406526
407793
400734
396028
403630
404535
406345
396752
405983
399829
403811
401096
401639
406164
397657
