7504
16611
25368
8281
29848
20048
11473
21721
8652
35546
27377
12376
22820
12586
57302
51597
20818
25557
8274
15421
27076
18277
7777
21742
13524
10262
10913
31052
15631
7826
32760
13020
12782
29204
17073
10108
7581
11095
7770
65779
79282
15379
9786
11466
32543
16863
6972
68068
13013
10038
9870
54894
11767
17801
25151
14308
14238
21735
33824
37492
9674
42896
7973
7742
28973
15925
21910
19901
16247
11480
19390
19096
10696
17598
12936
12943
20741
14742
25837
31976
50358
19922
27755
48496
30163
41713
31220
28665
31906
11522
28686
21567
23170
14049
62790
9716
14322
7826
14469
12691
