3630
2717
3124
2816
2728
2827
2948
3058
2761
2959
3564
3707
2849
2893
2607
2805
3069
2629
2948
3256
3509
3256
2321
2959
2288
2552
3520
3795
2893
2860
2992
2222
3608
3729
2310
2310
2838
3014
2673
2739
2409
3212
2486
2948
2585
2618
2750
3157
3025
2959
2299
2244
3179
2497
2684
2750
3003
2266
2244
3300
3652
2629
3465
3025
4202
3113
3157
2585
2431
2684
3025
3300
2651
3839
3102
2959
2607
2431
2552
3487
2838
2948
3091
3201
2761
2233
2321
2288
2343
2838
2959
2761
3729
2222
2871
2651
2354
2453
3201
2288
