63470
800239
1973818
928389
1392721
483780
477994
658966
490479
1735459
755403
532268
106040
3117213
291203
680757
283239
423016
1030590
197285
1161358
624338
136917
234696
1300838
980925
89386
174053
425557
233376
458755
478621
1201200
4487934
494890
1011703
1405833
489060
328361
2885773
196251
213609
874148
1379532
392007
254573
1628737
1643312
150139
556171
677534
89716
255321
694892
1326061
760716
4005188
125576
76758
2157980
2457950
75317
548372
834251
201311
1747130
3025209
7117
1987524
973588
1188638
1837011
2961816
394361
783948
1426491
47146
884807
1427613
419430
1012275
470030
129327
1308043
24178
185218
1337655
35387
361064
663157
224983
2110240
240108
465751
1570613
1149544
637593
392964
449845
738562
