170397
163251
42696
204921
2223
56871
18081
105633
8055
206397
4428
119331
382914
60786
63972
84177
89748
54423
117873
23742
232452
263070
143964
18387
22311
76635
30969
162963
427860
103131
62343
40023
77877
52956
203337
66798
97299
142803
88236
42516
33255
62973
20493
257913
9144
10278
116640
3465
7578
274176
125190
8181
255519
75645
72531
22860
44280
265374
230346
101718
27099
162396
104364
118701
32679
22653
3933
39933
38043
191322
36486
132831
31770
280566
111213
48375
87768
125154
99891
49356
8433
119394
262674
81891
439227
334908
39204
176823
75087
120618
153513
43137
278991
23733
12105
195822
87669
11637
122796
91071
