3498
3630
3564
3861
3729
3168
3531
4059
3432
3498
4158
3267
2970
3696
3795
3465
3828
3795
3102
3465
3564
3036
3663
3564
3300
3729
4224
3399
3234
3267
3564
3663
3432
3696
3201
4026
3498
3630
3465
3828
3498
3762
3729
3333
3564
3234
3399
3795
3531
3663
3630
4488
3663
3762
3102
3366
3696
3861
3828
3828
3696
3663
3960
4158
3366
3531
3795
3201
3993
3663
3597
3267
3267
3993
3234
3993
3234
3201
3399
3828
3333
3531
3828
3597
3531
3531
3267
3465
3828
3828
3861
3597
3960
3696
3399
3828
3465
4290
3267
3597
