403630
397114
404897
401096
407793
398562
407431
403268
407974
404173
405259
396390
407612
400372
407069
405802
404535
393675
405078
392589
394399
398019
401277
399648
398381
408879
403268
404897
405621
396571
401458
405440
395304
405983
405440
397838
402544
405259
402363
405259
413223
406707
401820
401639
408155
408155
395304
409965
403811
404716
405802
405259
399648
405621
406888
400553
400915
404173
405802
401096
401277
401458
400372
403087
394580
401458
400372
403630
404535
408879
401820
397114
403630
404716
401458
399648
406345
404716
401639
408698
406526
407793
406345
407431
404173
398924
403087
400734
398019
404354
403268
407431
398924
405983
404535
405983
397476
397838
404897
409422
