9315
8505
9000
8190
8910
8820
8730
8955
9450
9315
8325
8235
8550
9495
8685
8370
8865
8685
8910
8415
8640
8640
9270
9315
8595
8415
8775
8460
8100
9045
7785
8730
9180
8325
8775
9180
9360
9090
8370
8415
8280
10755
9450
9135
8955
9495
9045
8640
8595
9000
8910
8460
9495
9135
9270
10035
8820
9450
8550
9540
9540
8865
8820
8910
8685
9180
9090
9540
8820
8415
8775
9225
9405
8010
9270
8370
7695
9855
8775
9315
9135
8190
8415
8820
8820
9270
9225
9495
8550
9090
9225
8415
9090
8055
9765
8685
9090
8595
8775
8910
