1909
1265
1357
1679
1610
1656
1449
1357
1748
1334
1725
1702
1495
1334
2047
1541
1564
1564
1173
1472
1334
1633
1334
1656
1426
1794
1702
1403
1426
1495
1380
1380
1587
1380
1656
1633
1564
1449
1771
1403
1472
1127
1909
1794
1058
1472
1679
1334
1633
1518
1679
1242
1403
1426
1265
1633
1311
1610
1426
1656
1840
1449
1610
1334
1265
1702
1633
1748
1334
1518
1541
1380
1104
1702
1242
1127
1380
1311
1403
1495
1150
1679
1633
1794
1357
1449
1265
1311
1403
1587
1794
1633
1357
1265
1679
1633
1702
1472
1426
1472
