4735
4760
3950
4150
14430
15470
5740
7430
10175
4340
8000
6875
15920
7165
5250
6185
5445
14830
5920
6565
6535
5115
4730
14070
18550
4705
6035
10980
5085
10660
6530
11170
5525
20160
9025
5700
8370
3640
8460
5130
5400
14455
8925
7500
8915
4670
5845
7460
15045
7675
4590
5200
6805
10960
3965
5430
3890
9820
8000
5465
6210
8210
9485
3905
9090
7270
12715
6730
6385
5570
6700
7550
4410
7975
5705
9665
6295
4600
9495
7605
8755
10270
6210
8670
7565
8960
5100
5120
6635
5020
6740
7065
6245
6245
5845
13040
4970
9930
7665
6500
