1068606
1085825
1075802
1071947
1073232
1087367
1088652
1081713
1074260
1083769
1080942
1076573
1081713
1081456
1076059
1063980
1080428
1082998
1076316
1061410
1072718
1076830
1087624
1066036
1077858
1076059
1084540
1073232
1081456
1080942
1082741
1081456
1074260
1102530
1083255
1064494
1097647
1068349
1067835
1091993
1100988
1091993
1091479
1066293
1085568
1076059
1076573
1083769
1078629
1084283
1085825
1080685
1087367
1075288
1075545
1080428
1083255
1079400
1068863
1078115
1070148
1082998
1084283
1084540
1076059
1090965
1081199
1068863
1068092
1070919
1075288
1087624
1071433
1069634
1090194
1074003
1099446
1078629
1072461
1094820
1078629
1089680
1067578
1075802
1077858
1070662
1080428
1071690
1090194
1072975
1081970
1084283
1088395
1073746
1089680
1071433
1087881
1088138
1092764
1082227
