409784
407431
411775
417929
418291
421006
411051
411775
416843
415757
415214
408155
421730
411051
414490
411956
419377
411956
417929
422273
405802
417386
411413
409603
414852
417748
414490
416119
428608
412137
415395
421187
417386
412499
412499
421730
414490
421549
417929
409603
421911
413223
419015
409422
418653
415757
415757
407974
414671
416662
422997
420282
426255
413223
414128
417567
415214
413947
413766
411051
410327
412680
405440
412680
415938
418291
419558
422273
421368
419196
417748
407431
407250
410508
415757
414490
415576
411051
411051
414490
416481
414490
419015
412861
409241
407069
416481
416119
417205
427341
411956
414852
420282
412318
415395
414852
414128
408155
415395
414671
