152349
154026
151575
157380
157638
151188
149253
149253
151575
150543
154929
149769
155703
149511
158670
156864
151317
154026
154800
154413
146286
151575
153123
152349
159315
151059
151059
155445
154671
157509
153381
152736
153897
154026
152478
155187
153510
154671
150285
158928
159057
154413
153252
148092
154542
151188
148479
154155
153510
152478
158928
154542
154155
152994
152865
152865
149769
152607
148866
150285
150414
156090
158799
151317
156864
148221
158154
151059
154413
151446
153123
154800
154671
156477
149253
150543
154413
149253
155445
152865
151446
149511
153897
150801
156090
155574
149769
148350
152349
153123
157251
149640
149382
158154
154284
148608
149382
152478
146802
154284
