4510
9370
36130
20860
18090
15920
29695
31160
6470
15520
10450
68575
119935
7765
11280
6465
22235
27680
19200
10290
33290
17720
17080
8120
13895
23555
7750
19820
14130
17645
23220
46885
10505
8855
26580
16300
14140
87885
10005
19165
20260
16850
12720
76070
4440
30260
37605
15390
7850
7135
4590
30775
17430
6835
10085
12335
8315
4700
26015
20080
26485
111495
7565
12395
12740
5480
8370
36610
9150
20810
7920
8770
13085
23130
36080
26390
16320
30320
39965
22315
60660
22880
13535
34580
52185
45885
12435
29025
54610
8545
13805
6245
12190
8565
9995
23460
36510
26565
32705
32885
