3498
3630
3960
3366
3399
3795
3465
3762
3366
3894
4158
4257
3795
3498
3663
3828
4125
4092
3663
3729
3663
3531
3630
4092
3828
4290
3531
3366
3993
3564
3564
3432
3234
3993
3663
3531
3564
3762
3894
4125
3960
3663
4422
3432
3762
3102
4389
3597
3663
3432
3696
4488
3531
3795
4620
3630
3795
4092
3861
3531
3597
3333
3597
3564
3729
3663
3465
3432
3696
3399
3597
3234
3630
3894
3432
3927
3729
4059
3366
3729
3729
3729
3894
3267
3498
3828
3630
3564
3135
3597
3861
3201
3762
3663
3102
3234
4290
4422
3168
4092
