129852
166176
176292
141858
182358
146475
136566
144450
171810
161694
176760
148608
148113
158247
187803
233496
187254
144513
154170
144360
157635
196893
149157
173376
246105
160659
146754
175509
143685
144099
172224
132417
132336
138366
138564
158670
233910
196479
162774
156699
189873
126108
147897
147879
133848
136305
188325
183699
141894
145836
137214
156825
148383
183816
138141
178389
156231
148950
137853
230121
169713
158769
174330
182376
150129
133776
141813
147987
153378
219141
164619
165591
186399
135558
148086
153171
181134
170487
199089
158877
189693
148050
189702
172926
144531
175527
156330
173250
153756
171144
231768
194130
155331
185256
135828
157689
160749
183870
156807
172080
