11479
12038
13052
14040
14989
13468
11895
12194
12064
12714
12909
13988
11115
11791
14001
11583
13780
11128
12103
15041
13650
12493
14677
11427
11583
12012
15249
15691
13078
12844
13091
11908
10621
15743
14547
11908
12857
12922
10582
14170
11232
12948
13702
13403
12441
12545
11557
13104
11622
13975
12025
11882
14625
12740
14625
14521
15483
11024
13247
13637
11362
13312
11466
13247
13065
12441
13364
17017
12181
14820
16016
13598
15210
14131
12883
11765
13247
15366
12675
16653
13065
12753
15366
13286
12194
10335
14599
10608
13832
14976
11908
12714
13338
11505
14508
13832
17576
11076
16380
13715
