240806
281238
280022
252852
266760
260338
510055
279509
231135
269895
271871
279661
231021
227924
430597
261915
260357
284506
376390
589228
330049
241281
279794
289294
280744
389595
279395
288097
293702
284088
254562
276450
268147
260186
243390
334704
301948
377948
344888
251218
379962
276773
255341
253308
243257
377036
257469
268204
260832
283727
226898
267957
302670
263416
552710
248463
255113
292657
343045
256519
384617
225302
258229
269059
382223
343900
266608
269819
281314
258400
280972
265924
243409
247133
243314
299003
299003
242117
231268
332386
258248
254410
305539
262998
298699
229102
257336
366510
274835
250040
264461
236930
285589
323095
244055
242117
237234
299839
225682
266760
