1472
1564
1633
1196
1311
1449
1334
1495
1334
1311
1794
1587
1495
1449
1265
1426
1288
1472
1288
1173
1426
1679
1633
2001
1334
1127
1702
1495
1242
1472
1817
1288
1357
1495
1380
1909
1725
1518
1610
1173
1564
1426
1495
1840
1058
1472
1426
1794
1656
2392
1679
1242
1610
1725
1288
1840
1564
1518
1380
1449
1863
1587
1656
1518
1334
1748
1725
1449
1610
1518
1656
1541
1840
1633
1357
2001
1909
1357
1564
1518
1150
1541
1541
1679
1288
1518
1587
1380
1518
1518
1794
1288
1449
1449
1564
1495
1886
1748
1633
1403
