8450
4849
5928
6461
6071
5447
6435
5187
7319
6968
4693
4979
5902
5473
5720
5434
6032
5005
5226
5252
5616
6214
5551
5304
6682
6214
5629
5343
6435
5161
6487
5447
5148
4810
7540
4680
5889
6760
6669
6110
5278
6526
6526
5668
6188
6305
5824
5278
5928
5681
6162
5707
5499
6513
6708
6435
5863
8242
5824
6370
5694
6123
5499
5278
4953
5460
5980
8320
5460
5512
5967
5850
5980
6474
6929
5837
5772
9061
5967
5408
5902
6136
6084
6981
6175
5863
5174
5174
6669
5525
5850
6136
5434
4732
5499
6240
9152
6266
6266
6396
