8280
9180
9090
8640
8955
8955
8730
8730
9405
8505
8550
8145
9090
8730
8685
8415
9135
8550
9000
8415
8640
8640
9135
8685
8640
9495
9180
7875
7920
8055
7785
8730
9360
8685
8820
8595
9225
7875
8100
8730
8820
8595
8595
8325
8640
8685
8685
9450
8325
9360
8910
9270
8685
8775
9405
8460
8235
9315
8460
9450
8640
9270
7515
9270
9180
9675
9810
8415
8775
9135
7920
9495
8955
8100
9270
9270
9180
9180
9135
9270
8100
8460
9495
9405
8865
9000
9450
8955
9180
8640
8505
8640
9000
9000
9585
9450
8775
9045
8235
8775
