109706
115596
115045
102277
120213
111720
110333
109668
130226
134140
112860
113753
115539
111473
101992
117401
117078
120688
112423
125229
109725
109725
103987
112860
101498
107578
128022
109934
105545
114095
138377
102790
119643
105450
129713
107426
102220
115330
120289
114741
124564
105754
104747
113772
111017
105317
106571
113088
118104
116869
109079
116964
118199
114209
138263
123861
110694
109896
120783
113601
109763
104785
113088
115748
111302
111416
110599
100282
108357
105773
111587
107407
127642
105754
125077
109687
97166
109060
97128
123747
107787
103911
107825
108889
109098
103417
120498
134330
113430
119624
117211
104766
110751
102372
107350
118940
119206
108984
101726
118712
