22680
27030
23880
24075
23445
23835
24135
27225
26355
23745
26895
24945
26205
24225
24510
24810
22470
23100
28095
26070
26580
29235
25020
30150
25725
27165
27960
27045
25275
26910
29205
26955
26100
26550
23940
24165
32595
21885
24915
25065
25335
30390
24540
28860
25560
25875
26505
30465
25710
24420
25365
25065
24345
29130
26250
31185
24300
27315
27915
23700
26790
31080
26145
27885
29655
24465
24990
23865
25635
25695
23595
25935
31080
24915
28380
26265
27075
26850
27945
24570
33165
29895
26205
27165
27930
27285
25920
25215
24990
25605
25935
28125
26250
30915
27885
24045
22560
26715
25905
21870
