22100
22750
23530
21320
23725
22880
23465
21060
23335
23530
21840
22945
22685
22620
22685
20215
22555
22035
24115
20670
23920
21320
22360
21840
22945
22165
21645
22230
23595
22230
23660
22815
21645
22360
22880
22425
23660
23075
23205
23790
21645
21190
23270
21970
22035
23595
23270
21970
24765
23335
23985
23530
23660
22035
23400
22490
22360
22295
22100
22165
21125
21450
23400
23465
22555
22230
24375
21970
21840
22295
23465
22750
23335
21710
22360
23205
21840
21385
22555
22425
20800
21970
23010
22425
22880
23920
23270
22295
22880
21450
23140
23465
22880
23335
21905
23660
24375
21255
22165
22490
