2705
2030
1845
3735
2535
3820
1390
1575
8685
3310
4515
1845
4010
4495
2890
7225
2995
3535
2895
2190
4260
2265
1625
2825
2320
3510
2275
3585
2325
4535
6390
2740
4450
5305
3605
1970
2815
7635
6760
2410
1885
2395
2415
2295
1575
5930
2975
3885
5085
7000
3065
2240
3895
5735
2005
8275
1840
2210
2295
2155
2390
3475
3035
1855
4915
8270
2275
4140
3285
3280
2350
3305
2250
6105
2985
4330
1955
3340
3125
2570
2350
4195
2265
3035
2655
2410
4780
3615
3805
2390
2695
2655
2630
4135
1695
5595
5495
1800
1685
3740
