64328
59976
58089
55318
59789
61506
76041
68306
67847
56831
57749
62169
64430
66623
62832
78693
57222
58786
66368
53499
55624
72913
63189
76602
58514
65229
66844
63240
89233
57647
61013
58684
72301
52955
53550
52972
51170
61744
54026
52071
51765
56848
55097
61948
63546
67983
54434
52853
59500
57290
63818
61353
58276
63308
53788
61081
65739
56049
60010
51867
65297
73678
66198
60690
61574
65280
63427
57766
68986
52819
81243
57154
53805
68595
59959
54961
61013
67711
58174
61523
58616
54009
59636
53125
64294
61472
59279
101847
54570
56066
65433
54774
54536
72165
60435
70023
64209
54468
54791
55284
