63223
50116
53686
50881
55488
47379
57834
58208
51153
53159
57256
52751
63784
50354
51816
56916
54638
51068
53057
51000
55658
53193
69785
60146
52037
61914
58582
54060
54978
55879
52241
62101
49759
50150
69683
52190
51986
54604
50320
51323
51833
54706
53567
58735
56202
49436
66181
49096
61098
50337
54774
51238
55029
50898
49419
53958
49045
44132
47923
50490
56729
51952
57137
63393
56372
59228
54825
58208
53516
53924
69547
51459
58293
49606
51136
64787
48042
64311
57460
63155
57919
54689
58123
46954
50541
48994
50728
51170
66861
63121
62305
51102
55029
64005
49997
53023
56763
56032
54060
61795
