83385
78768
73098
60678
61011
74178
71694
66753
71127
68760
64143
73170
63972
65268
67266
62019
68994
69831
65664
64728
65115
76230
65997
76149
69849
84366
101394
70479
64017
69561
69381
63216
92772
70344
64575
75258
83277
79236
71568
77265
73377
94869
82539
64377
68778
72981
84087
68922
78552
60399
58635
62460
68535
72792
84537
77895
66915
69606
73683
56448
81423
55368
77949
61515
61344
71883
91278
72459
73017
65619
76743
79470
57330
63891
63873
94401
69219
66681
72342
88227
73575
56592
62271
68697
71118
56790
76185
76086
63288
88164
70740
74403
82728
70002
82233
96282
57285
80865
91989
60264
