5302
2827
2684
2134
2596
2310
3179
3003
3982
2948
3476
2772
2519
3630
2497
2981
3509
3289
3806
3135
2563
2695
3432
3355
2431
3003
4114
2948
3773
2651
2992
3256
2585
3751
3047
4301
3003
2673
3410
3267
2629
2992
2442
3025
3751
2343
3355
3795
3685
3157
3366
2453
3102
3322
3949
3641
2233
2805
2354
2959
4147
2805
3080
2805
3003
2420
3278
3168
2629
4268
3344
4653
3311
2497
3300
3773
2453
2981
3520
2673
2838
3553
3014
3190
3960
2926
2288
2882
2145
3421
3861
2893
3157
4235
3058
2695
3124
3201
4686
3355
