83385
78768
73071
68679
79848
66654
72288
72765
72738
102033
98892
64161
78993
76635
69309
76752
69831
70002
60318
73584
65115
76239
65979
76149
71406
82782
75303
80739
68193
147744
132669
92799
79245
72648
59706
81981
122724
60264
81252
62622
73377
98901
78543
64377
68778
72999
106776
68382
78381
82134
58653
62460
68535
72792
84537
72252
72585
69606
88812
70632
81423
55368
77949
61515
61353
71883
91278
84366
77211
74304
107037
76482
100242
84321
67599
69219
66699
72342
88245
69030
73575
56592
62280
68697
76509
74340
61362
71172
64908
90846
70740
86013
71100
70029
82233
96291
57285
80874
92007
60264
