27476928
16527393
125845497
160112790
39708378
32356161
6552378
128747385
7477227
38934702
11097864
2332053
24400728
23831919
34356897
20992626
11403234
42491916
1274310
30275523
146602728
77560056
21939282
232280370
49965273
53365158
33310350
65376180
108031842
141542595
6931431
18964485
7485255
6076152
6987672
16559010
23729373
13370706
33248025
50268447
10015668
73203408
19469133
42820857
28356624
3946932
223635564
27770490
6504120
127392120
232626987
17066007
203629230
85586364
28726119
22671945
22249863
35928792
33389847
79903872
20712915
49126302
20619675
193460337
73022697
46795113
54607941
32083974
25133796
26849025
35115363
29651319
22292253
21699981
50132070
87540291
60788187
37524726
158370165
31616730
38137383
238002309
76117608
9331011
2082519
48462750
40998681
15773112
4154481
17930889
251484579
90776646
112956732
52164351
4676184
109248291
50547564
1085535
36785673
43500726
