25770
35325
25095
21855
24990
23340
24285
29100
25065
25710
26790
24945
24015
26490
24585
24885
22470
23100
25365
28860
26580
29130
24975
24435
25725
26160
24705
27465
27315
34530
26820
26430
27045
28695
33615
23910
30540
21210
33825
30900
25305
26115
26490
22680
25080
29265
28890
23970
25410
29175
25365
25065
23430
27390
22695
26160
27855
25290
26520
26310
26865
24225
24735
28470
26700
24195
23850
21420
27570
27975
23595
26010
31080
25020
28395
26295
27975
26415
27990
24555
33165
29730
26205
27150
27945
27300
30180
31890
25410
31260
25950
28125
25200
23445
27945
27225
24615
26745
23895
21870
