150285
153510
151317
151317
148737
153639
154671
148995
153510
151188
153510
153510
154671
154800
152220
158412
152736
152607
150543
150027
148350
152865
151317
154026
155316
154800
151962
155832
151317
158412
153252
152607
154413
156864
149769
155961
143964
150414
154413
154155
160992
152091
154413
151575
154929
151833
150156
152478
155058
157509
156735
152478
153381
150543
157767
155574
150801
151446
158154
151704
150414
157896
155058
152349
156864
154542
155058
155703
151059
152349
157638
156090
151059
154542
151059
154026
153639
153123
153768
156864
153510
151317
153123
154929
157638
152736
152478
149124
151704
150414
157251
150027
154671
150027
148092
153252
155703
151575
146802
157251
