17199
24290
17024
18403
23401
31164
15309
16681
16828
14903
19341
14357
24626
18242
20237
22848
22708
20237
20153
18851
26747
16520
19089
21364
22057
23408
32648
30016
23590
24766
24045
18466
25354
17206
16233
18655
15470
37471
15589
22862
16975
20125
34398
18704
14266
21504
35259
16457
20993
16562
18683
20797
28868
24528
32081
22260
16030
18375
14980
18144
21511
18116
21854
34965
16450
18529
22337
16422
19894
18634
19047
14658
23989
17283
17864
20433
28287
27188
20888
16345
17185
22932
30100
33446
22281
30709
20293
18697
19019
17416
19712
28364
20608
23079
20160
25704
15463
16898
15890
23065
