2705
2030
1845
3650
2625
4755
2005
14885
2580
2715
5590
4770
4495
2890
7220
2995
3535
2895
2190
5010
4260
2265
5120
4410
3015
3585
8015
2050
2630
5065
6375
2740
5800
7535
2155
10515
8095
5500
2905
10045
1890
4070
2500
2105
5935
2975
3880
5085
8725
14780
3065
2240
3895
8105
2310
7470
2210
6080
1985
3025
2390
3105
5265
13910
2825
2865
3290
3285
2675
2725
3950
2750
10275
6915
2700
3120
5270
6970
7445
2285
2350
4195
2410
3990
2590
6125
3615
3805
6770
2650
2695
2655
3335
3415
2855
4685
6630
2335
3520
8090
