22100
22750
22490
21645
23660
22230
23205
21580
22750
24440
22880
23075
24050
22425
21385
22945
21385
22035
22490
22880
22880
20800
22230
22750
22295
22945
22230
22035
21060
22165
22230
21580
22425
23270
23920
22685
23660
23075
23335
23660
22035
21385
22815
21970
21970
23595
23270
21970
24765
23270
23985
23530
23660
22035
23400
24375
21710
21450
21905
22620
20865
24440
21970
23530
23335
22880
22035
22620
23400
22425
22555
23270
24245
20670
22815
23920
23335
21970
22750
22620
22035
23335
24050
23270
23660
22295
23920
22685
22815
21905
22945
23335
23790
22685
22490
23010
24375
21710
21970
22945
