7105
9338
7721
9975
7497
9821
8281
8743
8519
5327
9828
10339
9247
6587
11991
7763
8953
8932
7651
7805
9163
8715
7896
11095
8638
7707
11319
6951
7091
7665
9618
7945
14616
8274
7686
7266
12523
9569
7679
8141
8561
6818
18578
9898
10731
18872
11816
7056
11088
8330
9870
7714
6335
6853
11550
8323
9268
8036
8715
16758
6391
12740
8176
8162
14266
10920
8176
20069
10773
7455
8176
10780
8015
7602
8407
6272
8428
8064
8876
5173
8309
8701
6538
9233
13769
10374
9597
8078
9261
12166
7763
6636
8526
8134
11515
7658
7182
14490
14049
11347
