1472
1564
1426
1334
1495
1311
1449
1311
1472
1311
1702
2070
1311
1311
1311
1426
1794
1196
1449
1679
1426
1679
1564
1403
1426
1311
1265
1817
1518
1472
1817
1587
1334
1978
1495
1610
1518
1449
1656
1656
1449
1357
1472
1564
1380
1518
1771
1311
1403
1449
1679
1242
1610
2001
1541
1403
1679
1426
1426
1357
1633
1495
1380
1656
1610
1932
1426
1242
1242
1288
1656
1403
1863
1334
1334
1288
1656
1702
1380
1311
1403
1656
1334
1495
1702
1334
1403
1242
1334
1633
1702
1219
1472
1587
1679
1748
1541
1173
1127
1242
