60333
60151
58877
58058
56966
57785
57603
57148
60788
56511
60333
59150
59150
60606
58968
57512
58149
58877
57694
55055
58331
58513
57603
58331
59514
59332
54691
57148
58877
55692
56875
57876
57148
58513
57421
56966
56693
55419
56875
59605
56147
57876
58604
56238
55783
55237
57421
58058
57785
58877
60697
59696
58786
58968
54782
58786
57694
58240
60970
58331
60515
57876
55874
57330
57603
58058
57330
59150
57239
57876
58240
57876
58058
56420
57330
55237
57603
58786
60333
60060
55874
56693
61243
58331
54782
58331
57057
55965
58877
60151
57876
57694
58058
58058
59969
56056
57694
57785
57603
59878
