17906
18501
14476
19131
14273
17318
23863
14294
17745
15071
19341
14357
19579
15869
17528
13867
19334
22708
20237
17871
16135
15267
20580
16933
22162
19481
18697
16912
16716
25221
24045
18466
15281
18431
20244
22939
15372
17857
20377
15589
16590
20510
24325
14896
15974
21735
15470
17346
19999
22701
18683
31696
19187
16506
16835
18746
21238
26999
18151
15827
20055
18067
16912
15407
25956
16450
15302
17500
16870
17101
19047
18501
17913
19495
17822
20433
16051
18228
21189
20888
16982
20272
16345
16422
16023
15323
19075
13867
25543
16828
19663
18732
15253
18312
13776
16793
18592
16275
15372
15470
