27090
32535
31005
32760
22275
19890
37575
29115
28665
34650
21060
22905
21960
27540
34380
23400
29205
25965
30420
32850
29520
19710
29430
30555
35370
26595
23985
26100
23355
26685
23445
24975
28485
26955
26100
29745
23850
35235
28620
29520
27900
27225
39645
25875
31275
32130
21240
24570
24975
30645
37260
33570
21870
24120
29700
32265
32310
30735
32895
28755
30825
33615
25290
28935
22950
34065
24840
31320
23670
33255
28260
24885
37305
29970
25335
23355
28890
23535
28260
26280
34425
24165
29790
22095
23625
30735
28575
34335
25020
23400
31095
26685
21960
22230
41400
32760
37755
19575
22950
20115
