12015
12735
12060
13140
11745
10620
18315
12465
10980
12015
10575
13860
20340
13905
21060
11340
13815
15750
12195
15390
17955
14580
10620
12555
14400
12060
11115
14310
16245
11340
15075
11475
13905
12420
12870
13635
11295
15795
12375
13500
12645
12645
11700
13185
15840
13635
14265
11790
14355
11475
12105
13410
12735
12375
11475
12375
12960
15345
12780
11565
13320
13320
16740
12015
12240
17460
12960
12690
15885
13995
12645
17055
14805
16155
12240
11385
14715
13050
11295
14760
11385
12780
16020
11970
13050
17055
16380
13455
11700
15570
12645
12105
13905
11970
11790
12330
14490
12735
12780
13725
