1855
3055
1580
4190
1585
2235
3005
1195
1380
1510
2370
3340
1425
2380
1265
1840
2305
3230
2160
2655
3030
1645
2180
2425
3920
3575
2005
1845
1675
2450
2710
2355
1165
1710
1685
1445
2035
2615
2505
4385
2550
2405
1140
1750
2470
2280
3445
2135
4765
1530
1550
1995
4750
2455
1825
2325
2150
3395
2775
2185
1845
2020
1945
1740
1360
1845
1635
2210
1460
3095
2545
2545
1725
1355
2590
2365
3620
1435
3295
1840
1435
2365
2595
2120
2290
1685
1640
2390
1690
1490
3840
1970
2765
1610
3395
2595
2350
2130
1915
2845
