2975
2925
6195
4490
3500
4010
5665
3995
5720
3650
5205
2990
2295
3595
5535
5215
2240
5245
6290
5435
4910
3220
4575
5185
6090
4115
5240
3685
4155
5180
6455
3640
6420
3480
3430
5375
4370
4230
4160
2885
4530
4065
5755
6365
5850
3225
3655
4345
4165
3420
4280
6560
5020
3495
4575
5975
3625
6705
3585
4515
5200
3450
3645
4045
2905
3775
3975
4720
3730
3935
3810
3960
5355
4085
3295
2820
4145
3535
4040
3435
3700
4815
3770
5350
4645
4230
4760
5135
3415
3620
3840
5115
4920
3035
3745
4290
4070
4280
4270
3140
