4257
4235
3465
4048
4389
3069
4191
4455
5434
3410
5588
2893
4807
7216
4279
4477
5159
4114
4048
5489
5247
3971
3762
4708
3344
4114
3608
5181
4895
5401
4609
4202
4444
4312
4521
4323
3377
6061
3344
3839
3388
2970
3245
5346
4587
5269
4015
5907
4114
4576
6226
3993
4323
3201
5478
4587
4961
5170
3850
4103
3652
4510
3652
3575
4235
3828
4884
3751
4961
5247
6336
4554
5786
4246
6842
4180
4004
5863
4950
7876
4763
3850
3861
4158
4719
4048
7227
4323
4675
3916
5764
3839
3267
3729
4301
4686
4180
3960
5566
3102
