23031
13875
70116
16095
36423
72027
23853
20178
17085
5040
12972
98304
42525
10353
98304
2187
86724
7434
94338
28551
22212
36537
86196
3753
7509
51141
52707
21465
71745
19941
3918
68160
13539
18885
47553
25311
64638
56967
68397
42768
33504
30105
23340
59535
4179
33900
23961
1419
555
59739
3666
9744
60381
48090
4896
29763
2964
6156
10839
41388
27198
8673
53442
83130
13173
12210
1725
62259
98304
22986
11049
69360
17007
47652
15237
56046
6780
44667
13314
50874
40968
28914
10440
28080
3471
26124
92091
34212
28902
12780
13059
25470
46179
56541
14949
14988
14784
9282
88740
10761
