211947
244068
225492
220461
215817
208335
226008
206400
220203
222525
240843
223944
239037
201756
229749
216462
236328
217494
203820
206400
202917
251421
221622
257742
209367
238392
202014
208980
202659
208593
198918
233619
205497
237360
234651
207174
210141
238650
270384
221235
226395
212721
208206
232329
221364
210399
224460
231039
206658
237876
243552
222783
222267
214527
208464
220590
212592
261096
212205
203304
199176
220977
225750
228975
210915
216075
206529
212076
232845
209883
219945
231039
214011
210012
229104
226782
197112
218397
233748
206916
222525
217881
196467
236199
209109
199305
231555
217752
218655
197757
225105
243294
218913
207561
198144
198789
201885
250518
222138
206013
