39417
42777
43519
46487
44100
33516
38759
55671
45192
36939
52689
60333
50988
41762
48692
46900
36736
36519
46704
38535
45864
45605
48286
56665
47054
41671
46543
68194
73675
58548
40740
53046
52052
50967
38248
48853
54474
44695
38948
37128
82810
57253
65030
54068
47901
74655
45710
49966
61530
77063
54880
56567
48951
53060
44520
75712
55251
57274
41104
45962
47985
47250
49658
64869
64589
54999
50540
53487
50582
41762
42035
45885
35294
53564
45745
40824
50645
38493
49777
52752
53529
69510
46361
56203
51646
57666
41636
36904
48979
38990
44394
43687
54761
53326
58205
32368
41601
84294
47334
44737
