277894
235106
241091
240483
217417
286520
207898
326287
268147
356117
246297
243884
250914
254505
247589
206663
258894
214567
212040
205010
214301
253764
289940
276013
239628
301644
228551
222433
283252
274550
243542
274759
222528
275120
294994
259958
269097
222794
246829
237443
255683
279889
223459
276393
345705
232598
259331
261022
206321
275424
255835
265126
203053
212629
228133
186903
207632
271377
272251
226632
319542
247456
228133
310384
215118
248653
245898
226632
286197
197676
241965
222718
271073
270769
227012
217569
197904
221996
366358
244416
460047
214092
245176
239077
258362
237823
207499
242668
274854
229330
285798
258419
267558
281561
213541
234137
252510
227924
193743
259464
