4257
4235
3465
4048
3344
3674
3817
4301
4279
3806
5577
3828
3883
5852
2662
2970
5005
4895
4136
5049
5247
3971
3762
4708
3344
4114
3608
4785
3344
3454
4609
4202
4444
4147
4686
4323
3311
4752
3905
4620
3388
2970
3245
5346
4587
5269
4686
5621
3729
3949
4202
5940
4400
3201
5478
3410
3234
6259
2981
4125
3652
4510
3652
3575
3894
3300
5159
4345
4862
4125
6336
4554
5786
4246
6842
4180
4004
4939
6017
4631
4763
3850
3861
4158
4719
4048
7227
4323
4015
4422
5764
3839
3267
3729
3344
4818
4345
3102
4092
3619
