201924
214011
217971
178974
212472
232893
225963
279801
331605
202761
189288
240291
267786
226521
239310
210177
222894
214038
211221
179937
205479
212382
212679
196740
238734
194679
173646
189702
224928
193383
245376
175329
186426
200151
240111
202383
208809
255402
202356
187758
238743
209034
224739
194517
206334
201924
257067
248436
204318
189567
257706
279387
197307
255978
308394
277785
243756
243981
239139
258831
197973
195372
204507
204300
205578
251316
204525
215055
237177
203418
218781
197100
251424
190683
210123
229824
194985
250551
185463
251280
186336
253125
198567
245331
184041
209799
231210
221859
210222
277488
218871
241011
265662
179046
363942
279333
216720
218772
241200
197604
