529777
473993
532399
511727
556966
775314
534508
460636
468293
510853
521341
435176
627665
503253
589912
645867
490143
533995
502721
497458
553090
531867
591983
530765
472283
451915
524324
476007
646475
441560
502037
513912
714058
540132
500707
522671
462593
596334
482714
578930
455297
580602
641782
499263
621205
562856
503709
530461
464702
549765
491473
549689
518149
429571
528941
551000
460332
487920
756257
451516
490941
569639
552140
532912
559284
420052
445607
553318
591926
488984
487844
548207
468426
551361
504336
459477
560880
716623
522937
439812
485754
542678
490637
545566
496850
549005
522956
514900
451421
488186
502208
490922
472359
576460
482410
480244
457311
477945
494646
470155
