5313
6303
6732
5313
5577
6864
5016
6996
5676
6402
4983
4620
4752
5511
5874
5148
5742
5907
4785
5082
6270
6270
5445
4653
5181
5082
4620
5346
6006
5181
5907
6072
5346
7062
4488
7656
6237
5907
6303
5247
4224
5082
5379
5511
5643
4752
5610
3861
6633
4554
6105
6699
4554
5874
4422
7359
5445
6996
5049
4719
4818
4818
4983
4950
6105
5313
4851
6204
4455
5874
6138
5874
5214
4356
5544
4917
5181
8118
7062
5874
5016
5214
5610
4851
4257
7326
4686
6963
4587
4818
5610
9075
4356
4422
6600
5214
5841
6303
5280
4455
