34125
33735
31200
35230
32760
31330
31785
32305
39130
33800
30290
33215
32760
29900
29510
31850
34580
29640
33085
31395
35360
28600
30615
36205
39065
30615
31460
34060
30680
34905
36270
32695
26780
37830
37765
32565
36075
31525
30615
39130
33800
35880
34450
34775
32890
38090
31655
35165
30745
34060
29315
37570
36920
32500
30095
29770
32175
28080
30940
31200
31720
40495
31070
32305
33345
40040
43615
34970
41535
28990
35815
29510
36855
43095
32435
30550
30680
32305
34255
36010
33475
33605
33345
29120
38090
38350
38480
34775
34190
29120
37830
32565
28730
32370
29900
31070
31265
31785
41405
40950
