4692
6348
5152
3680
3565
6647
6095
6670
4393
3220
3611
5635
3726
4186
2737
4761
4025
4531
7475
6463
5428
3105
4669
4922
4669
10074
3933
7613
2231
6141
3864
3427
3933
3565
4232
2852
4968
5681
4209
4899
3220
4301
4623
5520
3726
4278
2507
6095
4876
4462
4163
4324
4393
4945
4209
4301
3887
7038
6302
3496
8050
7337
5474
3979
4899
4830
3588
3634
3634
7291
3335
4301
5819
6003
3887
5198
5405
4485
5865
4485
5612
6141
3726
4508
4876
3979
4577
3680
3496
7406
4692
4416
4600
6532
3818
4347
2737
6049
6900
5152
