2461
2484
1541
2829
1978
1748
2415
2047
2392
2277
2070
1725
2093
2415
1702
1610
3841
2599
1840
3358
2231
2898
1909
2392
2392
2967
2093
1794
3634
1633
3864
1748
2185
2783
2553
2070
2415
2898
2783
2346
1518
1794
2070
1748
1679
2070
1909
2622
1909
1955
2093
1909
2070
1564
2254
2070
2024
2024
1472
2415
2829
2024
2438
1932
1932
2277
2254
1840
2162
2116
2093
1518
2668
1725
2484
1587
1679
2093
2369
2208
2254
1702
2369
1978
1978
1702
2139
2116
1886
1702
1886
1564
3013
1587
2024
1932
2760
2277
1748
3082
