201924
208674
223308
178974
212472
232893
225963
279801
331605
202761
189288
240291
267786
226521
239310
210177
222894
214038
211221
179937
205479
212382
212679
196740
238734
194679
173646
189702
224928
193383
218250
196380
192501
200151
240111
202383
188307
229383
220536
216099
238743
209034
224739
190818
210033
201924
257067
248436
204318
189567
257706
279387
197307
255978
250056
171288
199647
208944
243981
224442
197973
195372
204507
204300
205578
226881
186831
196425
180828
206424
218781
197100
251424
190683
210123
202284
222525
250551
185463
251280
186336
253125
198567
245331
184041
195669
197883
192150
193725
258966
218871
221634
269388
194697
222597
180603
240075
229860
228447
209925
