101745
98005
110874
88910
99909
95557
104329
102442
113917
116314
108137
80461
97104
117385
110007
103836
88468
94095
116025
98889
96645
89284
128792
97903
108613
111639
113101
98549
113679
112081
109582
85850
83334
111826
113050
113390
103394
139757
112948
119153
96764
169558
123539
123641
95115
108987
98362
137768
91154
105995
106624
100555
119799
111163
97937
104329
80410
99280
106522
108426
114767
104703
101082
119289
115022
107984
91528
90865
101439
91069
114325
107406
103139
114563
131801
111214
109803
87499
129965
103564
89777
113424
134147
107491
90185
97818
110823
115906
105230
91834
92089
95132
88094
117419
99875
95999
102170
109803
91256
111316
