6579
36513
58914
141543
329931
186615
7974
25722
49167
21195
22032
92070
499293
110439
72864
90108
299790
733734
48060
18594
115731
15705
46170
94977
271593
81864
69291
83250
141462
92493
40293
32742
169200
25083
60003
277164
303228
242568
59697
152082
28710
265185
59040
252927
280728
4041
8478
86994
107190
242757
134037
64494
58131
29574
154737
143298
28089
75780
163746
35973
11421
93519
15642
249678
56331
22482
8352
32382
55953
122148
76320
69471
81576
94752
40194
126621
160515
79650
94617
74790
136638
99333
276075
95004
80388
330201
165366
57717
78021
13815
56682
37629
8694
208575
75312
26847
34623
188910
4860
77715
