11055
10989
12375
10032
11385
12507
11649
13233
11022
12144
9372
10989
9273
13035
13695
8811
11451
8481
13200
11121
8283
12045
10098
13101
11385
15114
8745
9471
8052
12144
11979
10296
8580
10725
10758
13662
8514
12738
12342
12243
7293
10065
9867
13299
13365
12243
8976
14817
8910
10428
12804
10494
17325
9933
9669
13398
14388
13431
14619
11583
9636
10989
12309
11418
8019
11484
11913
10659
12408
11583
10659
9636
9537
15510
9801
7590
10395
11550
20757
9273
11253
10428
10989
14850
8184
8514
16863
15048
11055
14256
12441
8283
10197
16236
11781
14553
17391
8283
11748
15213
