611469
423990
459621
418023
508347
421641
440766
542907
480060
575514
508725
469773
528498
451701
454131
464544
622458
431577
606276
507771
462924
393723
456426
437355
460476
426276
442467
428616
548757
483318
505521
438075
478125
556569
407583
460467
407853
441864
412056
506349
475668
414963
492444
476883
523026
639225
449091
489348
374067
452394
506691
406125
484569
530604
437508
541602
450216
486117
520524
444915
489330
479943
525429
411993
590571
498132
609858
449316
557874
436437
480339
410157
384606
488619
661104
515403
478512
433701
520263
425286
479079
491445
431271
447426
488934
445455
468198
440568
550962
576045
461817
442773
435015
446670
461673
537093
398952
392625
455994
424305
