547163
512411
606531
551326
519108
588974
576666
582458
599834
599110
556394
574494
528158
574856
571417
543543
527253
552955
521642
547163
551688
553860
655763
501551
610694
554584
574675
526710
559109
574132
555127
580286
530149
554765
516936
567073
557299
535398
574856
586802
535760
543181
526529
520194
606531
585173
585354
539018
554765
577752
539561
555127
565806
579924
555489
568340
548792
536303
543905
534493
553679
604902
536484
578114
574675
542457
562005
553317
595128
577028
587526
614857
554765
542457
534674
520013
581191
609608
563272
559109
512773
569788
555308
532321
599291
590965
522728
596214
538656
577390
531416
567435
571779
535217
549154
542457
549516
537027
539018
529787
