98098
77259
91637
96642
88816
76440
89271
82719
81627
80899
96005
80535
90545
82719
97097
97188
87360
92547
80899
85631
86723
87451
91273
83447
88270
83356
83902
77714
80444
96915
80535
103285
88270
91273
86814
89453
93275
90090
78442
97370
91819
79625
94731
93730
86450
87269
80262
86541
84357
88725
88088
81809
80626
91182
90272
84448
85358
86996
80990
83174
87542
90454
82082
88452
87087
100828
84175
81900
80990
102284
82173
82901
85995
115843
84812
88816
83083
80535
87087
93184
75530
82719
73801
80717
93275
96278
85631
79989
87451
91728
82264
87178
88816
107107
72709
86359
82719
87451
79534
75166
