4410
1953
5049
2484
3789
3069
2916
6723
3015
4671
3726
4086
3015
8388
2745
2835
5544
1449
11709
7398
5319
4500
2358
954
6129
4563
5256
5211
4284
3663
6156
2889
9639
3114
6039
5697
2745
13041
24084
3915
5733
5274
10044
2727
4302
10899
4104
3312
2097
2178
7497
7200
7218
1548
3798
1881
5418
3510
7029
11880
2916
4878
1935
2079
3951
6813
1998
1278
2214
3195
4518
7731
4185
1800
4338
3780
16110
1971
2601
3483
1395
2691
2511
3339
1935
1251
10665
7353
9126
1773
2880
1980
5247
6237
14886
9117
2286
15678
6669
6183
