1296
1242
2574
2106
2430
2232
2295
1998
1647
1080
1269
2106
1800
1746
1575
1503
1485
1575
1935
2322
1575
2718
1215
1773
1566
3258
1395
2214
2178
1656
1854
2151
1728
1476
1467
1575
1197
1953
2169
2088
2403
1998
1269
1332
2700
1557
1611
1773
1917
1215
1476
1908
2214
1836
2808
2142
1818
2196
2079
1710
1431
1485
1746
2007
1458
1242
2043
2502
1449
1314
1674
1503
1674
1548
1629
2466
1728
2007
2646
1314
1431
2655
1890
1395
1458
1584
1368
1674
2610
1665
1611
1449
1800
1926
1539
1476
2322
1548
1746
1701
