529777
470136
450281
498560
449426
545072
550715
423605
473898
416651
490181
466336
627665
457216
437589
599830
450547
440458
714438
490181
468065
374167
563502
485906
447583
461434
453473
487141
535876
447640
442434
472834
463752
556491
470079
492860
470117
476938
556168
458983
445094
397328
540664
445854
482486
472891
478629
444182
426949
440838
491473
549689
518149
429571
470801
579519
558961
453264
631180
532057
486666
514235
501695
475950
507756
566295
444391
537225
460123
514995
487844
473879
429666
508573
524856
473423
469946
640547
591774
513114
485754
542678
468920
632396
477299
503443
522956
482467
483854
483417
502208
490922
472359
576460
482410
480244
457311
443783
484462
514501
