83496
66696
69209
70322
91140
135933
348341
128408
175161
220192
141862
63910
100366
209468
667471
255556
219464
141470
81228
85988
94997
148729
334803
47614
447790
355460
169561
389893
150521
89789
120652
83622
87094
97720
140154
170156
93576
55454
114198
70889
183589
143934
57939
230524
156394
68117
256592
237888
150465
92050
133616
150080
60704
178416
123529
158557
73367
230706
153804
154553
320838
151389
284907
321860
136143
497567
289464
148008
248717
188412
133189
144438
124635
187341
196945
162771
155540
204680
91469
690018
542444
57631
380401
181993
118706
380506
199241
154322
88893
149023
118013
360892
99456
251853
341278
50694
305697
119819
67249
309400
