7007
8827
9607
8658
8424
7059
11583
10712
7501
8658
8424
10244
10036
8827
12480
10374
10036
11713
8671
6643
7072
15626
8255
12961
10231
9178
8385
11531
8502
9243
7839
8398
11115
8242
7124
8255
12675
8567
9399
8827
7449
10517
8008
12064
7826
8502
13546
9035
12558
6552
11622
5993
8619
9750
10816
9165
8892
11713
10387
7813
8554
9464
7293
7397
11895
9347
12298
9633
12324
10062
7761
9256
10764
7904
11232
7163
8931
8658
10023
11453
8554
8788
8827
11635
13000
8086
6981
8801
9932
10946
8385
8242
9490
12896
13039
8307
12285
8385
11908
9321
