4257
4235
3465
4048
3344
3674
3817
4301
4279
3806
5577
3828
3883
5852
2662
2970
5005
4895
4136
5049
5247
3971
3762
4708
3344
3707
4015
4785
3344
3454
4609
2948
3465
4554
3278
4697
3641
3619
5038
3773
3388
2970
3245
5346
4587
5269
4015
4950
4543
3014
3861
4829
4510
3278
3498
3982
4554
4257
5170
3960
3652
4510
3652
3575
3894
3300
4323
4499
4389
3355
6336
4554
5346
4686
6842
4180
4004
4939
6017
4631
4763
3850
3861
4158
4169
4598
4785
4576
5621
3938
5764
3839
3267
3729
3344
4818
4345
3102
4092
3619
