34125
35100
31720
35685
31590
32955
30290
35035
34645
36855
30290
33215
32760
29900
33800
32695
41015
35880
37765
46475
35360
30550
28665
36465
38805
40495
34905
31200
32175
35360
36985
34060
36205
36920
37895
33670
32565
34840
35165
40170
33800
35880
34450
36790
37115
31850
32825
33995
31785
40755
34775
35815
36400
37310
37050
32565
35230
38220
34970
34775
42120
31460
33020
43420
31200
31655
39130
37050
40625
40625
35815
29510
36855
43095
34450
30745
32630
37375
33800
34645
33475
33605
33345
33865
33345
38350
38480
34905
34060
33670
37830
41665
36920
36530
36270
36725
32825
38155
43420
37310
