11323
8242
15600
10348
7956
9841
11063
10114
11089
12493
8424
10244
10036
9555
7774
10530
11206
10465
10257
10595
7228
11193
11934
8697
6396
8528
9347
19916
8502
9243
7839
8398
11115
8242
7124
8255
12675
13247
11596
8593
8749
8879
10595
7930
11661
8879
11271
8957
14131
11882
11622
6162
9828
10088
9828
13351
11921
11141
11401
11596
14638
7540
9685
11193
10894
12519
9451
12285
10062
7956
9841
8775
14196
8905
11986
9308
8658
10023
11453
15405
8554
8788
8827
11635
13000
8086
6981
8801
9932
10946
15028
11089
9997
15938
10218
13390
9399
7878
10647
9997
