547163
512411
606531
530149
506438
557842
483089
527796
594042
562005
509153
535217
562005
540285
513497
577390
516212
509696
540104
524538
540104
575942
506800
578476
533226
545534
567797
508067
493949
519470
506076
629337
504085
514583
528520
505895
494854
531416
506257
633681
530330
520375
535579
522185
508791
556575
527615
512411
605083
567254
519832
545172
534131
547163
486890
485080
516393
523995
529606
522909
516574
519108
528339
529425
518203
506981
541552
505352
527434
532864
556032
531778
522366
514402
506619
495397
595128
537751
501913
518384
504266
540466
570512
506981
541190
545534
545896
545715
529425
520556
531416
567435
524357
498112
516393
502999
506981
491415
527072
540285
