194661
225105
191049
185631
199047
189243
196596
208077
216720
195693
183825
208980
201627
238779
207045
206529
210657
243810
219945
196209
194919
226395
195435
203820
222396
208722
239811
217623
217365
231555
194274
211689
201885
210786
214527
203949
221622
208593
223815
192597
207819
195951
200337
191049
190662
211689
227814
205239
193371
218526
243552
210786
232974
215817
201885
216204
223557
221622
195048
222525
197112
231555
230265
226911
194790
221235
206529
206787
218784
207561
219945
208335
219171
209238
218655
202272
192984
214011
211947
280059
210399
204207
214011
230781
197241
210528
215043
228330
220203
202530
225105
210915
201756
220074
212592
207045
194919
217494
197757
210399
