17823
20020
21801
20605
21931
18304
20462
18577
21632
20176
25441
24570
23504
20124
18759
19773
25909
15015
22360
19747
21996
22295
21684
22360
19903
21970
18057
19136
20150
22347
26962
22828
22425
18460
19968
26182
25922
20917
19396
19513
28613
20137
22776
23426
15600
17914
19877
19227
24700
24830
16237
19747
24375
22698
24570
19487
26221
22373
24050
19617
19149
28184
23478
19734
23166
20176
17732
27469
24050
17836
16913
20033
17615
20397
23049
17914
35503
15158
20592
22009
17342
19942
18291
19149
20839
19695
18434
23400
24284
23738
23803
19916
18928
23517
19227
20865
21463
23959
23530
19773
