1375250
424125
604860
140620
631890
1058430
815525
363680
96165
817015
195040
1921820
151700
413370
568510
738085
405160
734200
657445
690465
1274075
154065
563130
515920
1135230
838860
774180
524740
1059060
2075620
38995
629845
474620
518180
23755
2193505
62335
93680
142405
694730
1595725
219305
522675
1065625
405940
1214240
773360
171175
1058450
1454340
133090
712435
124790
145910
102950
40950
130365
83875
835720
740570
822470
324935
849240
373570
632500
212540
337665
638750
1740670
488520
1194940
484285
569070
593410
37975
46080
575945
1104460
447045
777335
2321460
429360
436370
219395
2121980
327765
1504950
261935
2166390
208710
296910
824455
2878620
41700
247690
202295
721495
148620
1640675
329810
