222725
2100020
5458880
2063705
6427675
13194825
27913845
7311335
3309720
4906820
2116860
1147360
1002425
11000860
3834630
20762550
9035695
4347925
9364405
24952910
1991270
5379115
22034055
3339145
1328695
3734340
3197720
5637365
2159335
1397865
4998550
6693055
3678965
390935
1086265
9995995
6763690
10424775
870940
3495740
2337710
1065620
1681860
676435
10583990
824005
19881665
12817405
5650940
15342800
14740935
10618535
2983980
754375
23512770
4545615
8479975
2647400
97600
2159985
16315
10767185
3791095
5236145
690390
16898025
2669195
4682235
3088815
1335120
7407000
15948970
283340
1701725
1300395
7578755
1433930
18503195
6535610
5213805
6562795
2216495
7899305
8748870
1876495
3197900
5733830
627690
3768580
11596905
13250110
5653585
8024675
10501485
13086490
20922465
4767300
8329900
1824935
765105
