277192
63124
176668
336486
94860
30656
153008
73810
464856
93508
277396
263552
114464
84170
2446
281776
327382
111912
24874
125972
34580
5102
762320
30630
446212
250042
59032
55782
392354
168180
22296
119504
50574
72506
214294
95210
174420
5450
74508
359464
11598
49702
58108
2324
17748
136482
54054
290
57268
203488
26476
228168
255200
58888
179416
165154
131598
31378
50670
123500
5680
13898
124336
86788
29288
230888
67764
10548
16794
205804
12094
3656
28146
560968
93602
82714
150132
375382
190048
969872
112142
95006
102732
16562
89794
8756
101530
695616
112606
268378
121104
46876
173178
15132
16834
22080
159526
97236
407604
79780
