15272
38696
4646
12004
5776
470
15862
33950
43272
14312
30174
35060
28608
17400
42968
17360
8522
-2
18960
45304
13462
264
44170
13262
26390
15696
41224
300
32232
636
10972
242
55498
1396
25162
124338
8502
17554
358
35622
1776
6182
2252
2010
13260
1330
19206
5222
9404
7920
4594
20240
11292
4116
23236
31984
5694
15582
7074
14646
6496
13082
124336
11832
104
1760
29560
28100
53602
15126
12094
3656
4618
43490
11856
10682
286
53538
61588
17058
23708
830
4494
38558
5790
21240
11006
43792
12306
10336
7302
7962
31036
17968
58392
5566
69510
72262
5712
7188
