2948260
1587750
9246
1952002
1095818
1315576
229480
3267014
439826
1934100
234044
3729396
1862100
327924
3378192
66292
385140
94782
559418
240472
2389524
3023628
5518936
230934
13408
156578
1707074
734510
751284
512396
1198640
173512
386068
79510
2741300
2192194
2734168
3104972
892604
155062
1287850
146540
2649602
2872252
95058
198790
359248
4277658
3776366
131754
1164380
604866
1002866
888680
1425804
992560
506680
3387066
2066558
5649652
986964
389922
5741926
3296670
862606
252734
1409374
1706868
94708
1436246
450936
721762
842368
2186976
2883820
1802532
3650986
14150
1581650
67450
2785748
1302152
2546380
362716
30600
1805940
2128908
4613150
363426
2086466
56044
315122
5884630
4388500
565888
620362
2686416
374620
2475524
372818
