31048
340348
118452
99672
269240
83020
96068
12916
17944
43976
39884
160728
91096
558656
157176
13292
181304
51948
183912
796420
29640
317812
247568
20448
71964
10764
68912
123016
29908
17188
19112
102432
43348
62148
46080
5268
132332
152028
12544
48904
229464
7076
46332
46328
98940
6096
172052
64028
83976
83136
22696
154916
203908
165384
26324
184528
121332
307052
40100
27772
37024
16376
69956
162392
30512
83384
20916
210376
16536
217060
10524
2976
47832
131408
450732
26112
55496
165124
108648
371436
96124
102168
253016
80816
159136
367564
85244
352
126124
357576
71636
20388
11780
151964
30352
3904
2396
46328
170076
97968
