72412
34680
11112
2996
47556
17656
8328
7180
72976
22760
2528
7992
7420
35304
31276
9472
30760
12580
26216
10164
376
7392
2364
2908
7012
28940
52264
1816
6456
5716
66100
17852
21712
15600
34212
1812
5588
1088
8944
33556
1972
26568
14616
6336
35412
46272
11060
20436
41372
18728
28900
3872
25392
7796
20748
56960
3136
14752
25948
22152
7492
8588
23188
25500
33068
23052
2468
11740
68972
11952
1172
8864
3096
59212
24284
5732
24496
11508
6440
24036
50704
4788
25396
24248
27820
21172
107720
5300
17704
4256
13028
4564
580
4628
18196
3204
18644
3472
5108
2904
