-2
166140
15198
85776
454578
129418
201632
231854
309464
854048
277396
486472
66522
613322
233950
103504
24082
251388
380222
302588
34580
491610
287624
899954
105576
233218
52054
17722
350862
583172
668806
133802
26156
359464
285806
237194
191812
169828
1534
219274
346784
231036
243040
351794
364788
12866
306424
1017648
767246
360266
110482
144162
292602
90806
387550
437412
21940
193156
610004
338584
70084
329134
186768
354186
380830
440538
12824
177622
138060
75294
12094
408318
138848
74074
65132
259728
623916
16560
342028
525916
861824
713648
64514
369586
322322
453854
233196
91868
166818
69374
333808
173164
608126
24254
24088
509640
669220
1003032
74512
42900
