223888
50988
41132
33964
111615
5110
490
88319
203469
39466
37583
145887
46690
101710
34748
76153
156562
17640
53725
65506
27930
4123
275982
179305
169974
15197
42385
22106
85050
63525
86737
19425
49217
20384
6867
24073
180327
76895
78176
67109
9373
167468
179977
10024
145411
237825
178451
15036
133777
5866
42812
162862
249858
59822
59220
163093
106295
166019
123158
10486
4592
11221
40796
53389
6244
70098
111678
98462
72303
28903
9919
351204
76244
49882
47488
178591
65919
59598
71099
343791
44919
122395
56203
40152
72527
7070
82005
122843
220633
218365
97818
143199
28602
18158
160279
476679
14966
1281
31815
114065
