978
13251
25284
4932
3381
40134
34110
27138
58248
1173
22065
25311
34905
7983
29325
6348
25878
13308
16422
7509
15672
21000
30534
27777
61623
444
13068
32595
7302
10245
147873
14490
5364
4434
46827
13047
29169
14790
312
27801
8337
104295
24531
570
23265
7677
3741
73410
31440
20010
30345
16269
50547
22194
38925
6594
12324
15756
9096
94569
89505
216
26082
44841
15081
11964
5550
504
40248
3957
11049
5082
15648
81303
3393
8124
4239
16608
3207
30138
15990
18192
2889
21912
2280
3540
24051
7083
17142
14898
13677
13962
44475
14799
237
21117
11409
73830
18630
6447
