31198276
27354098
5543090
316307354
84093374
62629026
762988
35225712
138278300
42878678
7499286
47771178
147974250
25507272
26385040
27566930
859220
125255626
64427512
186597396
18498740
56334476
33651610
22199722
14758662
35448818
4440072
52688484
10850166
3988248
18444684
173948194
8957998
45975648
38913090
45649830
190172392
14076388
7621182
57994990
4083996
3525352
12994198
11960558
11897442
19959186
6975256
38687228
154023582
68626884
102489156
49874664
32444562
57619980
7484484
21655944
18356260
26491750
79386572
7718330
19578
57237238
6919952
3928768
52172640
79014760
45520470
15861702
234827964
47581632
5527402
36756660
26871878
297233082
29616814
94445022
150472772
79547336
30509704
127291310
20014316
214492
51204592
7129238
101477446
17341182
88889538
69934570
14588112
108345498
92667824
18606204
51110972
131878046
265745326
67240112
44693606
10580820
34456292
20272024
