2133150
1756300
3256950
4440425
2028750
5034875
1989350
2416800
1440850
2564850
179125
4237925
1322200
324575
5678975
3591075
543800
1587975
77125
16283200
698350
1130375
2997725
1942275
4548825
2470575
70700
7016500
2535550
3593200
5633450
991400
3417750
694600
1235050
6726275
1142325
25591175
6640825
611900
4159000
1664500
9250650
17560125
7921075
14084450
2189750
1747050
6501150
5114125
1119675
37600
5060300
9906775
4020475
2011875
1132600
2740400
13195650
3154900
2406675
8728800
7164925
271550
255625
1095300
8027250
7498150
9296925
3788075
3842875
7781775
2713500
3727825
2619225
764175
3017250
6174325
416175
369575
945400
1307925
4099800
2829025
8605200
215475
10009100
5265750
6877950
19163175
42900
6837650
5287925
4869050
323025
2283800
2475200
2610600
580300
13344950
