2133150
1756300
3256950
6583975
5264800
4061425
1440850
5014875
4308775
6883125
179125
3739225
2145475
8797175
472875
2131775
77125
8473525
1992625
5817050
17027475
9976625
4286775
2797425
2010625
1558125
679000
1832375
2665800
2036375
5633450
991400
5347400
2873225
3717050
136000
1142325
25591175
16554775
1354650
4159000
1664500
9944525
16866250
7921075
14084450
2189750
1747050
6501150
2910125
1119675
37600
5060300
7409150
2497625
4020475
2011875
3873000
13195650
4103725
2406675
9651950
6241775
271550
255625
9122550
7498150
8485875
4599125
3588325
3842875
7781775
2713500
3727825
3383400
260200
1562800
8154325
15144500
6354275
945400
7117225
5317425
1937050
3407150
4627525
4660150
5265750
6877950
19163175
42900
9039075
2897550
188950
5192075
7369600
13925250
16946550
2001325
563150
