5082216
1530452
2725282
2476442
18312888
1882716
3351398
268928
17556508
14991838
7499286
424106
12823432
2175734
24915060
7432842
11261954
3630274
4972560
9966832
2389524
3917032
11802306
4140336
4256372
1812528
2272094
13951844
2627214
2035946
5998260
8031666
4883880
1076088
12222620
25866178
11672390
15360012
12448242
1218064
4083996
3525352
12994198
795128
23062872
19959186
6975256
36221094
32084
15392682
17689122
6720072
1913358
2628850
1479956
3580776
905250
28215326
5454738
10175970
19578
3125126
40617788
14704550
4949750
759974
3928768
3693106
10373144
1181196
5527402
9662130
8416678
4319592
101358
340008
12697052
19788788
4135764
7842728
7875354
15366786
13360096
7722888
9561928
24675584
7996380
16017770
1811504
22187738
56044
11811070
17035742
47101270
4874168
14911708
7843128
8894432
33563660
4737326
