15272
12720
30622
20428
101548
2118
1706
31292
5356
37424
30174
35060
17126
61256
9644
18310
8522
22570
53236
24304
17410
16308
24178
2828
43868
56204
7244
6458
12502
56186
10972
242
100238
4660
24088
77408
8502
29802
21458
56858
1776
1250
28336
3768
20276
11892
97046
8460
31730
5574
26476
66862
30476
25076
7786
-2
26084
13570
19446
4390
41910
2722
108320
62352
21860
54074
23656
87616
95648
10224
78308
61914
61588
20014
16938
1944
9838
7812
1598
48534
15454
9084
16652
26400
19462
7568
7720
102320
18114
72658
7302
48742
18504
10620
37492
5566
-2
10700
5712
7188
