65908
305488
118452
99672
269240
83020
67588
198024
1772
63224
39884
160728
18732
14208
4216
232108
26720
158560
53852
311824
29640
64248
167192
40560
385792
26252
53424
123016
29908
17188
19112
102432
43348
21632
202780
234892
17636
46116
42408
66528
229464
7076
46332
47216
98052
6096
172052
64028
7068
36556
22696
154916
291456
77836
71796
139056
121332
43436
20344
55172
60072
191548
113976
126504
5384
30676
174272
47692
151348
16356
10524
2976
47832
325184
256956
26112
55496
165124
108648
121172
96124
102168
253016
130364
109588
367564
85244
352
57060
22972
71636
72348
331500
195180
56928
248788
20856
129796
78484
39756
