208468
600847
874900
566150
1232621
481143
61191
702143
340405
828113
1090804
1419483
545025
36179
641771
65507
194805
118911
389363
42068
1336751
1303900
768664
785174
27768
696852
1480375
499187
2314559
958035
626041
308906
135343
301132
206115
1087905
906204
117351
128609
742638
1004523
694343
1486654
379964
633061
40287
1187043
1150929
1361256
1333800
276965
631254
232934
160355
157430
703313
127166
312091
94913
1186705
769834
304148
794885
303862
45799
234338
1380106
1719705
533611
657553
3644992
1213225
668759
1236131
1521871
325702
165607
179595
835874
1233687
963534
639080
1614561
1957566
282919
23868
661245
318227
2089711
77688
277914
11596
320801
439283
704925
1598792
390676
237939
32929
189345
