13746
7458
5637
44298
12315
4506
14760
16077
88659
1173
522
5643
12573
17295
5844
7170
24648
15717
7686
4095
6888
4215
36714
51486
35712
4278
5973
69957
15105
1833
3918
16200
15537
14964
6705
25005
13422
36936
768
38157
27360
15597
36264
28902
17409
9072
5883
15582
13692
4371
3666
3456
16707
1941
34518
23715
3624
14124
9681
15000
6819
8898
12927
27423
10848
15567
50610
6789
7710
14016
8523
5652
11052
37719
1311
3381
20832
37728
18087
5262
15843
43569
17337
18144
171
9498
24204
1416
23205
1467
6573
36588
23598
34470
9165
13917
14817
37320
1515
5928
