42049
320194
55783
107044
76531
109543
153146
23156
63693
87612
70126
10514
82292
219891
11809
38052
30611
172949
35903
72751
14070
97902
11333
78484
4921
13447
106365
24311
116200
22827
9954
76706
89810
41384
254569
83993
7329
29414
50330
15876
66899
109942
49399
159222
96656
6685
4662
44856
2667
255829
50204
217679
10794
22855
188258
35651
268513
11599
11900
52766
13972
103117
132251
44548
21756
60949
22617
40082
34006
24388
47376
54719
94374
7875
88690
34398
6160
55867
16212
84490
37856
83671
16779
79625
155372
66437
112161
26901
37786
46585
23891
37100
83888
63140
6629
82789
56819
139510
103852
78400
