13746
483
12612
13731
21495
20874
6237
29619
43734
1905
7272
40104
28128
81
16389
33963
1026
16338
8004
363
6888
4215
21945
14640
1032
6795
2631
5895
3162
31377
4551
37563
17928
1032
11058
10197
13422
8868
21393
45132
32319
11430
6117
6375
37803
11019
2403
10140
7926
12189
3666
3456
16707
2763
21108
20442
14214
19395
9681
12750
5112
12123
30813
42492
26496
5529
10527
6789
384
1584
8613
5562
2100
3681
9726
3810
19293
10161
1452
49899
15843
46050
44766
23523
15372
40878
28965
33936
9198
7359
6573
36588
3399
3879
47691
2430
3273
3405
3156
5043
