2133150
1756300
3256950
6583975
5264800
1644625
2416800
3236475
3219250
4308775
179125
3739225
2145475
9813850
1587975
77125
8473525
2883375
7710750
3171875
698350
1130375
2997725
1942275
4548825
2470575
70700
7016500
2535550
3593200
5633450
991400
3417750
694600
1235050
6726275
1142325
25591175
6640825
611900
4159000
1664500
9250650
17560125
7921075
14084450
2189750
1747050
6501150
5114125
1119675
37600
5060300
7409150
2497625
4020475
2011875
3873000
9716250
3479400
2406675
9651950
6241775
271550
255625
9122550
7498150
8485875
4599125
3588325
3842875
7781775
2713500
3727825
2619225
764175
3017250
6174325
416175
369575
945400
1307925
4099800
2829025
8605200
215475
10009100
5265750
6877950
19163175
42900
6837650
5287925
4869050
323025
2283800
2475200
2610600
580300
13344950
