83552
253996
327164
147944
283364
377912
201692
713484
151836
53100
459204
109664
264040
293524
334168
69612
632668
14460
222828
515292
14928
563244
45672
443112
181388
431152
169424
247356
168736
536200
95532
28368
481936
2233084
194448
244780
95560
175472
273900
114152
198112
340392
5112
25652
622664
850832
466012
214192
74708
109692
392652
58500
99976
582540
254844
680448
238960
225696
87952
150724
331128
139068
146488
416700
242604
142688
1415856
888712
141252
119320
10524
239440
1172228
36488
713872
1021432
172964
323120
308900
131140
96124
367680
441944
627608
35560
1146200
31228
216920
706988
761988
730308
257004
110264
48824
834828
160420
1294932
375920
292280
717608
