480038
329277
1028846
31915
380289
515853
46488
697580
13182
21827
50882
209196
8424
741026
166569
665548
462865
1291173
226694
362570
761150
431392
891683
556426
239382
384605
1361009
488397
30420
167570
246623
129142
37466
326664
2717
217893
184093
875680
282347
437840
97682
7150
333723
781183
44031
654602
94393
406926
195936
54977
534105
708916
447551
747409
61763
425295
250640
66820
165932
555412
167921
565149
280462
277472
364312
5343
17667
119730
349362
139438
202488
387088
219102
62101
606775
217997
566813
1187693
1301963
445705
262145
269256
64077
87178
237562
586508
317668
750373
81757
1065883
8177
317161
118859
166114
329446
349791
637871
450502
58084
112788
