13746
16998
35976
4419
12315
4506
1218
29619
88659
1173
7272
45837
22395
13908
2562
9219
25770
16338
9591
1521
6888
4215
21945
14640
1032
6795
2631
5895
3162
12252
3918
38196
15732
20904
18903
20637
21498
2763
30585
18348
27360
16389
22740
25782
1773
11019
2403
10140
7926
13848
3666
3456
16707
2763
21108
17349
22578
14124
9681
12750
6819
10416
30813
8019
10848
15567
35826
6348
4866
4143
8523
5652
2100
3681
2817
1191
34137
3852
2445
29736
15843
94416
63606
3174
8922
7713
21723
33936
9198
7359
6573
36588
23598
34470
9165
5043
9237
16380
11187
31650
