571490
6324
28776
246880
94860
30656
857580
322686
16176
55192
277396
486472
66522
613322
233950
103504
24082
251388
380222
302588
34580
491610
275812
303748
173094
773718
201388
135572
79750
587100
781842
136182
31692
238512
185886
463618
65308
169828
1534
295410
11598
289040
86938
24016
313122
203950
59838
1885878
476520
650992
26476
228168
292602
21486
456870
437412
21940
193156
610004
338584
70084
329134
186768
354186
380830
280102
173260
107852
207830
75294
12094
3656
28146
589438
65132
82714
150132
667358
18260
849684
276732
1313794
387958
31088
321248
454928
288316
36748
166818
69374
121104
46876
425650
154002
101224
244906
186742
65130
43828
535884
