-2
120480934
34399340
439787014
17629004
279409576
49763562
390880414
30050264
215015398
7499286
80653606
320665918
230225882
52281916
191199376
48096580
56295730
293186136
115865726
52486736
78197814
14758662
103427542
37467964
295480968
297811582
360652532
192396188
319682716
135043630
7411038
98736498
270406016
141927826
483057470
19713574
110608722
217887232
-2
4083996
49932346
199217750
10872712
345055158
124890470
191793030
338975714
319207136
-2
102489156
49874664
412129186
61488428
-2
30087302
132250904
245675780
198663272
-2
19578
382024876
4504442
48824208
34045322
26084648
47581632
83499312
84413800
319087132
89448860
169065870
57350104
1140286
419393850
44515386
198150366
143911178
487059646
59575170
20014316
24310810
135714960
19530512
86700208
252608538
84744374
25598106
133379954
-2
382950400
137949352
39108622
37095634
12823194
-2
69861032
101415058
-2
237055536
