222725
2100020
5458880
2063705
6427675
13194825
27913845
7311335
3309720
4906820
2116860
4485970
1096875
7567800
3834630
20762550
3801305
2612945
16333775
24952910
1991270
5379115
22034055
3339145
1328695
3734340
3197720
5637365
2159335
1397865
16847775
549770
4206925
14697875
6606805
5489760
8968915
7793185
20340420
4455265
3403330
7405215
6361080
3257730
16623935
7108960
853365
10506020
2694080
12648720
14740935
14356890
33241615
6041755
557010
1602970
12068825
9025000
19540325
4295365
16315
10767185
3791095
5236145
690390
16898025
2669195
4682235
12004025
6616480
7407000
15948970
283340
1701725
1300395
3586480
5426205
18503195
6535610
9500205
8779290
5790080
4799080
16867245
1217770
6702955
8072450
20217395
12961345
20072415
13250110
5653585
8024675
19751485
3836490
20922465
4767300
3537210
2915455
1877235
