4337020
15313344
21740832
12020072
7715874
5660296
12220674
4011916
16244204
6445682
9153004
14431816
6420156
6423330
2491822
27273610
6071604
5811844
19535014
18511380
14749862
11272286
37648688
64317142
4626942
6183456
27394010
6076326
10312712
7614020
19457428
31410158
11062212
6080378
24816450
26203284
27930880
15020426
30765490
678498
1867350
3850520
18176738
937432
9360088
558620
12463714
28528650
7866196
792756
19544022
2001314
9362232
3235554
3396346
6895344
16778464
18375126
1498106
753470
2617438
336142
17191396
17986580
1153178
2812740
962662
18264844
11733882
12107178
29299544
3088974
32622482
6667416
32787100
3070976
6084422
34491506
508364
919856
17188866
12346684
1010994
12186364
3886724
18504274
10624324
22936564
3817662
979706
3246962
6186708
174272
12693074
15663906
7598464
7577744
12828448
4913066
12113496
