11864
16376
30872
1420
5376
1844
87040
3148
32976
19108
17564
16756
8668
6656
5712
560
14272
20956
13656
15140
4932
9176
17556
13752
984
14592
22620
13456
24192
324
8404
292
708
30704
14984
3288
36036
5220
27464
23248
2952
7524
16408
14780
5828
10192
5640
24552
6724
9740
3940
2844
8068
1452
9068
1972
18084
12808
25220
4932
1056
21912
20448
47860
20188
19760
720
1276
18032
15364
3440
10060
2000
3084
5440
7872
5728
5936
6712
9012
7476
9812
18020
23636
10664
11496
8816
452
164
9048
6260
26212
7216
1416
34636
1120
4840
5368
18068
4804
