222725
2100020
1912435
5610150
10462920
375370
5991375
2792835
5549765
22364075
4809665
1793165
1096875
7567800
3834630
20762550
6194035
220215
16333775
24952910
1991270
5379115
16228035
1893415
3912605
8402180
3937075
4898010
2159335
1397865
4998550
6693055
3678965
390935
1086265
3825320
931380
5907690
5135425
12255585
2337710
1065620
1681860
676435
10583990
824005
19881665
16632655
4529775
1282940
14740935
5600060
365575
8391255
23512770
4545615
5183225
5944150
97600
2159985
16315
2604275
11954005
5236145
690390
18098100
1469120
4682235
3088815
1335120
7407000
15948970
283340
1701725
1300395
7176315
1418970
18920595
6535610
5213805
6562795
2216495
7899305
8748870
1876495
3197900
5733830
627690
3768580
3093050
9889265
3360845
5653585
18526160
8398190
851805
3836490
10027985
2179240
8715240
