11864
16376
20852
11440
5376
1844
87040
3148
32976
12900
17564
16756
35868
1800
17260
30692
976
15560
7624
348
6560
7548
17556
12528
2208
14592
21420
14656
24192
324
8404
27120
19072
3572
10528
30692
20624
15752
5064
22612
2952
7524
16408
14780
5828
5052
58240
488
29596
33200
3940
2844
8068
1452
9068
1972
18084
12808
20200
1568
1056
8336
34024
47860
20188
19760
720
1276
18032
15364
3440
10060
2000
3084
5440
7872
5728
5936
6712
9676
39016
18920
4964
42108
17628
2516
14216
36056
1988
5652
6260
22484
10944
1416
22796
10428
29476
7624
29156
11884
