11864
12020
1680
13076
7452
12880
140
2208
18160
9120
17564
16756
35868
20956
48912
4392
1164
24180
19196
408
4932
9176
17556
12528
2208
14592
8464
45276
6528
3344
15832
19692
6348
7872
5348
1248
1140
42156
33496
17216
2952
26740
33632
24552
7204
27252
14596
4688
12484
18584
22696
11800
42248
3632
6332
1680
17052
13240
25952
19792
1128
21840
20448
44184
25076
47344
116
11088
2384
3888
3440
10060
25776
33068
11916
37728
4868
3900
932
3120
7476
9812
18020
23636
8616
13544
8816
15088
7060
2208
6260
26212
7216
1416
768
34988
6392
12520
9364
2084
