15272
538
53154
1654
5776
470
15862
38930
38292
14312
83894
90
9858
57202
12352
8174
49516
38472
4920
7996
13462
264
44170
13262
26390
12788
43558
874
32232
636
10972
35820
16902
4166
25410
96890
21290
26872
5700
13862
1776
6182
2252
2010
13260
1330
19206
5834
8792
1846
4546
20288
16224
4922
17498
31984
15018
6258
7074
14646
5680
13898
124336
9180
2756
1760
3028
18926
35144
15992
12094
3656
4618
1804
5856
9184
2986
36332
8070
65662
9448
10720
8864
19432
3984
42172
11006
36592
19506
10336
7302
30582
8416
17968
19306
3142
1644
41638
79442
4070
