2948260
3112584
436418
3222086
5146452
3075190
6861348
1318080
2166616
1840240
3900530
62910
2978958
2297242
13582114
3762888
5083228
4724210
7444634
6422022
8204468
8732838
2525846
274836
2080062
4452576
1006452
7920738
1470296
6466760
1198640
3380392
2192194
3602484
5305792
513096
1893698
356538
1842
828924
6247756
9051756
4315226
1783932
2177538
11434110
9451222
9178982
5234658
6908672
1164380
2170880
325534
4056826
4575956
1227188
7050732
1090040
2584696
3550058
2395974
5309064
97890
5137268
1706868
1109522
421432
75390
5127200
1180634
2015068
2186976
6419716
4373174
3154712
5280930
6978660
238444
3087334
2563704
13786654
4238838
733800
4482846
125928
469260
1737606
1691950
1593086
15465146
56044
450926
4640278
6745096
7103690
2881068
287452
519872
2267910
3221302
