31048
294932
9372
43020
141564
189524
15756
164140
46556
5868
168376
32236
266424
170892
120844
262060
181304
51948
293272
687060
29640
317812
42444
113148
184388
10764
68912
123016
29908
17188
19112
200244
197920
75056
7696
124168
17636
46116
42408
66528
229464
7076
46332
46328
98940
6096
172052
64028
83976
83136
22696
154916
203908
165384
26324
184528
121332
307052
388508
36712
60072
191548
113976
175952
11684
311300
29140
1168
6632
16356
10524
2976
47832
131408
450732
26112
55496
165124
108648
371436
96124
183684
3496
248820
159136
367564
292644
29432
78620
118760
71636
20388
13116
150628
30352
19272
14428
116760
72244
97968
