29260
26313
6531
52108
31395
19894
102816
6552
41132
75145
37583
138530
54047
101710
34748
369586
61705
59024
49602
27545
27930
4123
275982
179305
85869
6755
7889
89908
49091
38451
86737
19425
49217
20384
6867
24073
180327
7301
147770
67109
112658
20370
438284
45381
46312
80507
185017
15036
133777
5866
42812
243985
317478
31927
100058
1407
106295
166019
123158
10486
80983
5033
212002
27587
210
50778
19705
182
72303
28903
9919
7994
14560
244272
257992
178591
65919
59598
71099
343791
44919
32459
13202
17108
228508
7070
56098
33957
82642
91812
97818
107814
63987
18158
160279
240779
147273
83944
52745
114065
