13970515
36234990
1893740
28700185
8554405
21711110
17830990
18548560
1279480
9193290
13966880
9029555
23166200
25243655
2463865
93068200
22852110
2451185
6783885
35148600
19886335
6226755
4267480
4107985
1785560
11452590
2633715
22763125
2025425
35883385
9744080
9960395
4965155
13625530
3867440
3898480
19844785
15183740
212960
584785
10217720
21471100
19324235
2083390
5694630
8335045
2972235
36291305
6712210
7565640
19258230
21528555
7246765
13414040
4093300
34293330
12511935
26823440
38215345
7950615
24735050
29001440
63250740
19821135
4303105
15182445
28638240
9278395
18036260
971865
3503220
13957110
4362680
45349985
42522785
981005
14132480
6938530
2531810
3802095
10089160
1207855
787080
11150980
26102690
202140
7575385
22921895
13590960
28024215
7708990
11194705
21574770
47263580
15657335
47526460
483340
3904135
39989350
19215855
