74134
40364
37140
11780
68398
5968
208646
60892
39650
43678
95596
7686
11908
53332
33196
27942
39920
199508
8120
24518
2136
47126
145442
79756
137644
56362
73060
58300
7358
103268
14442
33070
63940
177666
190056
486
262278
12924
85092
45162
47034
5580
43996
47790
22802
31848
149206
195660
73180
136552
32002
13446
11590
27176
14098
17354
64196
59118
45066
4744
70356
268896
65024
61976
50682
35920
28754
5580
158918
36338
123960
16262
5410
2206
232698
176
72598
49008
16714
145878
1504
32242
115156
16910
76570
129612
128398
33850
40188
67284
6730
23448
47904
57628
50438
80916
42088
15984
63112
16610
