1375250
424125
604860
212325
1104575
58870
7705
512835
501495
248655
195040
2073525
995655
724310
1139360
657445
690465
1522490
320950
78985
91280
1182795
154065
563130
515920
1135230
838860
774180
1581590
2273020
998870
662770
2154220
262780
1317030
247015
2405625
355695
263090
1841540
2337710
2147915
747590
642875
165655
984750
1454340
220010
2329330
856985
970320
248860
40950
130365
83875
835720
135865
333425
2654055
1336810
822470
324935
849240
227225
97420
48925
250370
1474460
96620
1740675
375780
1872515
3656210
943015
559480
2112865
941415
1277480
40560
6510
2321460
429360
3080010
25500
1046450
720435
1512155
1598960
1010485
1234845
296910
824455
2878620
41700
247690
202295
721495
148620
1640675
1585375
