208468
600847
874900
566150
1232621
481143
61191
360217
109187
573144
1090804
1381003
570609
12896
36179
641771
65507
703079
325832
6786
217633
344864
1264133
37206
188032
588783
520507
248144
785174
330785
626041
308906
135343
301132
206115
1087905
690417
215787
117351
87685
1004523
694343
1486654
379964
633061
40287
1187043
1150929
1361256
43355
276965
631254
232934
160355
157430
337233
94666
271414
127166
312091
769834
304148
794885
303862
45799
234338
1380106
1719705
533611
657553
2784990
29900
462488
367614
666380
1215253
882661
353821
160641
9204
963534
603941
35139
1614561
2264353
979472
370188
1719523
1496625
945815
277914
11596
320801
439283
2303717
147186
243490
184873
85995
189345
