29260
26313
6531
52108
31395
19894
102816
6552
41132
75145
37583
145887
46690
101710
34748
369586
61705
59024
49602
27545
27930
4123
275982
179305
85869
6755
7889
89908
49091
38451
86737
19425
49217
20384
6867
24073
180327
7301
147770
67109
9373
30009
57064
1876
14336
64183
39382
6671
43659
68523
42812
162862
398601
109767
80108
75152
40929
55258
23212
154924
80983
5033
212002
27587
210
50778
19705
182
72303
28903
9919
7994
14560
290332
211932
178591
65919
59598
71099
343791
44919
298347
82005
8050
82642
91812
71295
26985
62692
80479
97818
107814
63987
18158
160279
394093
58506
19397
52745
114065
