2757798
127782
18902583
245907
3253761
4526406
7555743
359919
1309518
8289693
1130841
1774125
1203723
10804167
21258423
7625862
1804356
511569
3478626
8769357
10454877
528624
2222235
328131
2749635
389358
8625951
449676
2529702
1250037
547092
2014857
2144961
1641897
4668948
1354878
103887
757539
8819550
1488123
5175648
4030488
1678104
1475244
1678257
2841075
3593925
4091184
823806
9133452
1481157
4675950
1562184
495063
4144500
4227813
4226013
823797
2164878
1342008
838539
5291541
1126224
27593919
2319084
3298995
405153
10842867
1704681
2278485
1771956
7924446
829242
5080167
2548602
571428
5432283
2150775
6038577
695187
7812486
9351747
5308011
1061883
1595538
1277298
676719
14479218
201501
2321604
1952541
11728764
1262178
3813921
7277562
5863581
6456834
2684412
15926868
4123431
