6690
8830
18995
225
10315
5230
280
970
5450
10010
9845
15870
4900
1900
6515
3945
7045
4590
6670
11030
13030
1205
5710
7180
140
3695
7965
9650
10260
1295
5370
120
6885
5175
50850
31600
2035
2450
1280
18935
3875
2535
915
10750
15120
13160
37275
1765
10835
12755
2990
1535
7265
4755
4010
14820
1560
11060
5055
100
8350
4265
510
46630
910
6905
1115
6510
3535
9250
1845
5485
4615
9080
3655
8655
4170
1630
1550
4635
240
120
1245
7355
4140
6740
1145
33175
11360
425
3065
9875
14870
21350
9220
1475
9665
2605
21660
5080
