47325
9750
6625
3800
26625
32625
28550
42600
31400
8000
2600
41675
11800
16250
1225
9925
170350
6325
52725
26400
59750
19025
16850
83150
2225
800
43375
5750
8925
9375
9525
23375
22275
5100
27575
11975
12050
27250
7750
29100
15475
29475
28300
19825
53875
12875
22850
51675
30925
14100
875
1125
3900
40225
2825
9700
12425
5975
6075
54500
9100
21975
50150
93675
9950
8100
7100
37950
77650
66175
56100
35025
10525
11625
47300
34675
2050
6025
96875
15050
91600
36725
116450
10475
20850
18175
1175
3750
91000
37075
37325
37225
44425
46775
14900
9275
37225
60175
111950
3075
