11683
8071
48412
1001
5929
22134
17192
22498
34314
18494
2618
21252
3444
7049
5915
84294
81606
5747
36778
28826
24178
30709
5201
5327
33733
6790
10500
8155
48356
31976
4452
34944
60340
7623
12621
55531
3003
29078
28770
13811
24514
6426
31577
32025
9100
46676
9303
5684
30002
31955
39711
791
39774
22113
29862
6552
3808
20916
5712
1085
7595
57456
15792
1785
4620
15337
2863
469
54537
3388
41846
4445
12929
7007
17899
3458
385
30380
343
34657
3073
26159
16842
19950
4501
3521
13447
29449
8106
52304
24318
21938
17262
5593
245
2044
16954
69006
49539
7623
