23175
11910
26425
15775
35675
59025
33910
56555
2125
46900
1435
75425
40460
13655
53935
214025
3640
7985
40790
52975
164010
4880
9880
14940
62260
49205
55960
46405
31275
15065
44105
38410
11395
44945
9655
30085
36440
36355
14915
79960
42415
95530
16430
28325
47525
12920
16585
6645
8325
80345
10430
23020
11895
56675
33285
63090
15420
2125
130020
46015
2340
1055
15715
76560
5270
22630
112995
9740
30150
22105
54900
51590
14290
23330
59740
46045
20395
6830
5430
74895
12050
52370
47925
7940
34500
59395
26720
17665
69135
55070
10570
11935
7460
32100
63255
36565
18760
66005
610
60260
