388531
1699632
9812
133749
319924
629376
1807311
22946
19261
438680
4282619
510818
1084886
972389
36817
153175
332376
100628
319935
1042316
79211
1546424
1102057
317889
634381
2959308
291841
1205116
105974
105996
638077
1061533
467082
347600
475882
90596
327789
3512377
3684142
1250469
16522
185548
619850
98054
1550945
260722
2331802
180510
1127786
128337
47971
1042250
1268410
955724
65153
495000
1394294
264121
1072049
4013284
264770
872366
510136
1014409
923549
454795
114378
374011
1184898
306163
3723599
244948
1313961
1849826
2433838
366553
1468962
1010460
1482723
757350
620246
87285
1074920
629563
2519418
724009
1005774
2315929
620774
732534
624613
135003
426085
160578
2956096
336028
309903
230428
1648328
222695
