54012
44639
52150
39403
126336
69286
65156
351407
17962
90657
207746
32144
68663
53193
464058
89257
107856
89355
231399
325899
248416
208971
23086
171661
274659
80563
26992
260253
145425
506310
79163
158781
22624
244027
49742
481831
46228
4928
158319
447783
58940
76286
68432
9569
13419
101094
2079
143409
62209
278012
152264
324044
56147
66871
290059
66087
23205
89929
85029
368585
771421
294378
313257
13286
1617
206500
224
121891
124922
53949
29827
173761
41720
144074
518007
114296
225729
87591
262437
61355
688940
132867
126693
1006005
27405
397446
175812
50575
73626
166887
70350
92778
137417
10024
30555
72730
473998
212219
89166
43316
