32389
15337
29645
112063
167041
92414
70560
40915
28518
55664
105056
100548
82565
86583
82712
46354
188307
150038
12201
91042
127057
122451
162876
31948
154644
75411
4018
150773
131565
51156
20580
11956
339717
168805
7105
31752
72912
3871
99813
32781
79184
22099
29890
54880
7546
26411
62867
52087
8722
145628
63112
72128
44835
10045
51744
63504
128135
85211
183848
258720
69041
348537
6909
95795
158662
185367
109221
69139
71050
243138
262983
73892
219667
22099
197029
155036
15925
270774
63602
11662
83496
182231
73549
121716
159299
77861
52528
46158
39837
47775
51401
278369
70021
114611
237944
7105
19894
157829
173607
154203
