254106
153423
131616
32463
13437
151155
36018
76203
297828
396396
1485
177075
121860
13905
191502
412398
33417
41841
60678
368514
29979
32841
168048
95274
388998
39330
280143
6570
35874
85176
255159
187245
10341
117018
14247
147492
27288
111627
158868
7317
62784
17334
76806
74988
53064
26757
234135
390789
38286
82899
14940
85887
54324
303273
127737
255366
97200
132948
272556
294255
429705
287712
205749
7560
139491
611649
45864
163746
107001
120249
38430
134505
19017
30951
55674
512271
322884
38583
183213
532305
99756
83034
118692
340380
4320
440973
272988
108297
10440
387027
63414
63324
168777
11592
460449
16641
26937
12996
37458
344709
