6370
41062
304584
263130
106330
24843
115542
247989
52234
130977
24353
73990
34349
309337
141757
116424
9702
111818
3528
111818
113484
34251
21021
215649
100695
35476
128233
58261
5684
30331
18620
279692
25284
19208
62034
161161
451780
447517
19502
59780
18669
125783
79576
13279
412923
473879
165277
69237
114562
80801
44688
212709
132055
42777
41160
187180
105791
219667
79821
177380
145481
33026
333494
270970
85162
125195
209426
12691
5243
132349
24304
83937
166061
73892
165326
46599
56252
137396
76195
266462
85309
178703
67032
16464
110838
70658
95697
276801
183701
152390
73941
46893
284151
82124
42238
102116
283416
45815
145873
157094
