348635
371175
103439
37240
143913
19110
137004
18032
112455
147098
98980
229761
114023
133231
132447
79576
35476
131418
14259
100842
113190
159985
61495
80605
42875
31507
8869
22246
22932
415373
18522
164003
140287
80850
75411
23667
68502
2891
121079
847357
18571
205261
107114
318549
237993
306446
93737
72177
158123
33614
7546
79184
22050
210014
4508
280035
56889
259455
151410
37534
8036
6223
25088
144648
9506
107457
335111
54243
387786
137347
99372
8281
165767
73794
145089
307328
116963
238336
6762
222607
329770
17346
109760
689871
300566
49343
48216
39543
63014
263620
2254
71687
46893
74627
209916
149891
337316
67326
301889
195902
