1625
4368
22581
3445
15444
11271
3354
611
3562
39078
25402
3822
3042
1937
10023
52637
7761
4914
1508
5720
442
15548
4186
4914
3549
16471
11661
13520
14144
29809
9087
7722
117
3406
2314
47073
4836
2964
8164
637
12701
9282
13364
182
3263
20410
21008
4290
31837
5044
780
7839
10972
13351
2353
8424
5759
2119
5681
16315
4433
10088
31083
6045
6825
16471
14378
22334
1508
10114
3848
3939
9646
962
3081
8983
14144
12467
4004
1274
3692
3510
9750
7644
3510
3562
4797
1144
585
15990
4550
4992
9828
2002
4654
22542
15262
520
9724
1456
