11739
7924
48776
987
5929
10346
29183
1554
20944
24206
2597
21273
10430
5887
10402
56952
17038
64855
22358
71428
18011
6188
33145
5131
2954
17577
9681
6636
25508
21469
4480
34279
630
3304
11963
7343
37877
7679
20160
48097
72142
10899
11676
32228
27139
73682
11550
7462
16135
48006
32494
110264
3381
17535
5257
483
1106
2821
896
59150
7623
41510
33705
4676
12369
231
2744
57960
3458
14161
84217
34594
58114
3493
45395
50687
27097
13132
33712
19481
3038
26201
36834
8008
2646
48405
52248
32221
18795
29008
5509
40831
25424
16821
69237
14616
714
33579
90692
22386
