11900
12925
7900
94050
56150
11675
3025
31625
44550
19300
71150
122075
60450
58925
26350
31050
71400
26425
39850
13675
8375
14900
525
19050
16400
10425
14600
10675
68000
15025
9475
10900
35000
9675
4225
8800
20575
77100
32750
700
59225
39150
167175
14200
55050
17925
19575
89525
10800
20850
875
1125
46850
21950
6025
11725
23875
24825
76975
59000
9100
22050
145100
8550
2475
4875
9025
53750
1100
97300
113375
22500
59600
2025
33625
24250
162125
26775
32700
23050
57700
33900
67150
72400
13200
37800
13925
11925
36300
24500
118775
33300
1475
12050
24375
117475
22300
12025
14850
59725
