47236
276360
28028
300468
68649
103439
9261
28273
247989
52136
98980
33418
576436
59682
55566
111916
40866
94031
184877
94178
113484
34251
21021
105105
110642
100793
4851
8869
22148
127988
241276
81585
19110
61936
160769
252889
34741
611373
79184
12593
18473
205065
13181
93835
319235
426937
211435
20384
48951
161357
86534
170520
215796
187180
118188
5390
136220
66003
79331
43904
145579
34545
13181
319480
271166
85162
125195
221921
72569
84329
273322
219079
20384
102361
137102
48755
35084
81977
238826
229369
85407
178409
67032
126812
166159
45178
415520
53459
11221
20139
73745
46893
284347
82026
42140
363923
67424
145775
156898
31164
