23055
11860
23580
13845
4660
12160
23525
20925
26655
45250
76785
20400
19990
67045
285
34265
179480
3620
7975
40675
17150
3405
46725
111200
14960
43055
19045
48890
40280
15955
18035
26070
6540
31785
56150
9665
30070
33385
2915
21295
2185
40230
77145
18415
16360
56705
8820
1190
9000
12910
9240
21820
14310
56675
11825
12250
9205
2475
60555
17500
2350
16780
38325
38275
5255
6780
15840
112910
61915
19950
54935
51410
7925
6355
82940
45090
980
20345
6835
5415
12045
23640
28710
47910
7915
34400
12845
46560
26685
38720
10570
19375
32030
63140
36480
18755
29230
97560
505
19905
