254007
153531
164052
9198
4221
151119
36072
76149
297729
9927
1485
176859
121779
13932
191421
192564
219663
33435
41859
60696
29961
32841
167967
95292
428229
279972
42426
85167
1071
256311
255159
187290
141507
147330
27306
111564
101718
57015
726849
224829
62784
17388
76806
74898
53028
26775
234225
390915
38250
82881
14958
140175
303327
127746
255303
97209
133020
272583
294084
329049
429615
287550
205623
7560
139428
611667
45864
163800
106992
120087
38376
134523
49905
55674
512055
322911
38556
183249
532422
67158
15894
83808
83034
118593
344637
90324
123354
227376
273006
108198
63432
63288
168768
11592
477090
26937
12996
37404
344601
96480
