45045
76140
108738
191331
156303
223227
141462
59472
148401
328518
19017
29673
161379
5040
18387
327465
295893
76545
30906
8820
63342
273510
29493
175077
134442
135108
114309
88191
45900
47538
4455
90441
153054
5274
19692
21951
53559
17568
484668
103032
30645
39987
15129
246906
154899
29862
93042
175473
47007
188478
22437
215955
33777
190278
40716
49536
19926
62676
26199
86319
12006
135396
345969
174888
166914
2169
81018
151731
50580
113850
104436
54927
2412
5571
169866
184914
1566
12258
46971
112698
252027
94986
136440
444798
118998
78156
8406
266463
336141
27450
42858
15318
35919
16398
64881
80991
71802
18900
45828
74952
