1651
6786
52936
28925
4537
5031
32669
15106
4654
75010
6461
37037
28600
2119
8255
28327
390
13845
4953
16315
442
41197
56212
702
13962
39273
32201
26637
8320
27898
11479
11778
6825
9854
13000
3211
12337
14391
9867
50128
1703
40612
14092
28561
20189
33761
75816
21970
3965
32552
37960
7891
2470
17992
36231
624
20449
8255
30979
64311
2730
18447
1508
61191
29458
18655
14287
3692
4108
40768
17212
34008
10283
31369
2756
39936
48633
17030
19734
3536
26910
1833
20631
44109
18720
7800
18291
34346
11206
28145
36647
41652
21684
10348
7397
3081
8515
22867
39273
134108
