45198
155655
52695
169506
479808
105957
146358
382419
39015
27081
19206
29952
162045
23472
329067
360621
82566
3312
23850
3528
63585
79704
387477
12951
271116
56718
144207
2196
206100
1359
4491
91080
84582
69147
118719
8766
218934
259470
182592
281007
70893
15084
116388
47979
83763
502614
370251
75906
151911
126450
22689
483588
132777
26406
175185
178155
312084
107334
637632
205227
12087
3636
132660
523053
167697
2205
4212
113454
166734
71703
104751
55431
2385
5634
170595
71559
128133
47223
113184
97299
812772
22941
96714
180522
17316
8397
244233
23400
166959
157257
171405
4140
87372
5454
125964
74970
74628
328986
78786
197892
