66451
1442
1001
5936
10374
4788
24094
22519
39851
12691
2576
31605
5901
3801
4487
35770
8036
15092
16030
1029
24087
30576
5257
4809
27482
13363
10563
59815
28567
10878
4445
27902
6860
413
7714
21749
50799
10052
48202
57673
24514
69874
64764
5677
29904
5943
9541
16373
18893
5390
34258
5390
791
40873
13944
6881
40145
26551
4963
25697
7567
35168
22134
17535
71400
6335
17458
4592
21469
8190
19145
64603
6797
12250
12145
2884
343
29918
4725
20538
8470
20636
16828
19873
7973
41727
5656
3514
4543
20790
24234
44779
2275
15393
24101
4669
41748
15190
5789
7651
