178254
75105
153153
1674
129609
32427
9252
154827
111852
212670
146250
31968
3906
71100
46422
13905
266733
68778
78417
34254
62406
63990
103518
29466
65367
43875
22635
57096
56187
208233
242109
12150
197028
131121
69516
104643
212841
64071
5454
268101
79713
126450
24750
52848
16731
560556
111438
124425
27171
249300
15039
139851
155583
274347
402390
27810
453699
39816
124497
83916
79893
81603
137961
82944
45873
85437
201150
151731
53388
7524
38421
183609
295551
429516
163242
38601
182736
587241
17910
334224
99567
82926
3366
453888
4329
89658
123273
9045
164187
44982
126189
168345
11592
476091
26775
205020
499743
65178
5805
22239
