28125
76250
7225
26525
126775
4350
11800
62800
64375
9825
14150
179050
2650
46350
75425
9925
34875
40950
82725
1400
65900
10850
192050
97850
54650
17725
16875
4925
263475
4300
20250
87975
28975
65650
7800
9575
53850
12800
12175
13950
76875
103700
98625
44625
139500
32900
53600
157400
27875
8525
169175
28950
51000
12300
35500
4975
34275
70450
40150
72075
212775
87100
299125
31250
30725
35175
18625
10025
91475
60300
194825
83750
55475
97275
1975
71050
33175
27325
2575
21975
284300
79900
8775
33775
30175
50850
28900
57250
79225
127750
11800
8125
89625
6825
1650
147600
18075
79900
41425
8725
