57075
6625
3750
7325
19450
3250
29300
28550
42450
31500
2600
41725
11800
16250
1225
180525
59000
13625
12875
65725
59775
19000
16850
83050
2225
800
27725
15850
5750
8800
9525
11250
12125
22325
5100
27625
11975
12050
32575
2400
44800
48175
66675
22850
51675
30950
14100
80500
27175
11400
875
1125
3950
40200
2825
9700
12350
5975
6075
54500
9100
5600
66600
93650
9950
8100
7100
37950
143700
32500
56100
35075
10475
11625
47450
34625
2050
6025
97050
15050
52100
39550
36700
127000
20850
18175
1175
3750
90975
37075
37275
37175
44425
46925
14900
9275
37150
60250
114950
32550
