295731
1665036
754587
788364
1582929
380340
6899589
587205
4477437
1043937
133641
730512
522459
1104543
1459836
3906567
1111626
324639
73305
1211778
66915
118971
666954
770238
1793088
1006650
3112470
3433527
373851
160146
689913
1723203
411597
2142936
9720540
472986
278847
918522
44460
1540449
914193
1129554
1013274
1082241
4460067
1452663
382158
534726
4638276
1045845
1883565
6872832
4023855
1364346
869931
469980
1578240
5372055
1298394
2825379
304083
2256192
582489
1848123
538470
853236
774630
687654
884043
1321839
1562814
801972
128475
1148760
2085435
926667
959967
4723821
405873
1767762
344142
436266
2168595
2271465
320364
2131479
6782724
2535534
3408768
864981
829728
3203478
940059
154827
841203
1230318
507411
4124214
846963
3376026
