2685411
778761
186606
333792
579060
465975
375714
3335625
3482784
88065
132345
596826
124434
515961
1298061
3052251
2047500
194904
903348
321399
66285
117711
657702
760824
1697823
74673
995724
3030561
3809997
1258740
2385522
4563441
2343033
274176
676404
2606931
1478007
194733
744399
906336
217710
46134
641007
2116854
686727
383706
3645504
762759
1003644
810855
3809133
1992708
2852982
71685
3907143
1349496
859923
2024316
5312304
1283139
299979
1644183
585612
575397
985689
841356
171369
361287
869472
1418220
1545912
792270
1263213
2062674
1863549
761247
1308717
1307817
697896
994527
340848
1581624
993843
2246391
316710
2106369
4857975
1845720
1139265
1542753
1984320
2001006
743076
339732
830331
1217916
501444
196812
1081161
11916
