45216
155556
52677
169578
585846
146358
382401
38988
27099
39663
49158
162162
352512
360801
82494
3294
23832
3546
130356
79920
63576
79686
387486
12933
271089
56844
144279
2196
206100
1359
4491
91206
84573
69021
118692
8748
219060
259542
182574
281034
70911
15048
116478
48015
83799
289494
165888
47196
370377
75924
22671
483795
132777
26352
175050
178263
311994
107469
56142
581787
12087
3618
132705
523314
167715
2205
4212
113400
166734
71811
104769
55458
2367
5634
45585
196524
42813
85428
47151
113238
812727
22968
96678
119538
61290
17316
8379
120951
123291
23364
171414
4140
87525
5454
125865
149607
328959
78804
197964
15183
