2634975
764487
511020
568728
456093
368316
373554
1522557
512244
4366728
129600
586332
122346
1289394
288684
127431
75591
2994777
446427
848133
64701
115713
645930
747036
1740024
977886
2973879
2661381
148545
928611
1036242
1304172
2025432
2454354
3230361
2558475
1451619
190917
17559
157536
212886
45252
174285
456138
2750103
1594737
2358927
749241
985662
796257
485298
3253572
295578
1661355
2800350
556344
159768
434979
853785
544887
294507
100116
1513665
574812
565119
1789461
522792
828630
25560
1391562
2294460
124119
103617
1010169
1423143
602154
437949
441504
949986
2030976
334386
2529378
2204271
310158
276588
1791747
1618614
2492298
294867
362574
805743
1142928
95247
423729
1443978
728802
333360
546291
43830
530496
