19435
22895
18930
7790
10950
15050
4255
7940
320
4640
1395
1470
1775
7595
6645
11880
70810
1235
4225
31710
19885
27090
33530
3165
21010
25565
48540
24720
10265
6160
21825
24165
1220
18420
17865
9165
9375
14125
11515
2610
9525
15835
9915
36475
595
9595
7775
23745
5810
2920
2420
13495
20640
9555
1270
16495
45
16720
21235
9115
13000
29370
195
3445
1455
9170
5980
24785
46565
6150
35400
1350
27225
11045
3045
9915
22790
430
16845
43785
8965
10475
12140
6865
12770
39695
1140
5440
4340
635
13320
15835
2640
16350
3805
395
14050
17405
66860
9250
