24713
3783
17095
1794
559
1898
3562
1235
7397
585
1274
5837
273
4121
8931
4797
8788
31720
20930
10270
442
2002
3640
2054
5187
6929
4901
3562
28067
12324
910
8255
4043
3640
117
3354
5473
3562
12376
7098
7839
4147
1274
7553
32058
20514
3835
5408
8242
11323
754
2600
4836
6812
8450
9243
2366
16315
5564
33605
4394
18083
25220
11648
18083
247
22191
11648
7085
21138
3900
5928
7527
975
3068
4979
6474
9048
2730
17706
3666
3484
6565
10751
11765
1183
585
12961
3107
20748
19305
1989
2379
2353
2808
676
9230
9672
6344
9360
