5980
15990
2899
3796
21372
572
7644
3991
611
17329
13442
11934
2951
936
832
5148
24869
23842
2145
10907
442
15444
9100
3536
3523
12948
6071
6292
12116
10517
11271
3445
2028
2990
2821
3107
43992
10387
23452
5122
2665
25961
6747
182
23517
10894
14261
611
29016
2106
3393
429
4823
4082
15691
2977
12415
1456
4277
7800
14534
12207
1976
16900
4316
8567
1170
15405
1521
1131
1456
8372
7553
4095
23088
19032
221
1365
195
572
3705
3523
3354
13611
1885
11479
585
8476
28535
19214
26026
2886
9945
9672
6656
8645
520
2210
8190
806
