77315
35690
59080
33965
56635
2125
46990
11420
8210
17290
1435
3390
10505
61625
54115
267915
3635
7955
40790
88600
1480
90800
71785
4900
24855
62295
49240
55975
76740
1080
37215
6915
38470
66165
30070
12560
23860
44015
34865
52465
42385
112135
76320
44090
80445
37755
27655
96450
11425
63900
10490
34960
56685
33285
63215
15430
2130
59410
895
70015
78895
21985
22700
122875
30250
22160
20050
2730
18550
169770
95560
11000
14355
23325
105685
20405
6805
80350
27410
109380
12070
28895
23490
48055
42475
20285
39225
26775
17655
25680
62080
63405
36515
18815
66090
610
60930
19910
64810
22770
