14056
4522
22477
24451
553
2156
6335
8435
1043
15379
7896
6139
4725
18942
2422
1022
16604
2709
9282
8064
11998
5677
8897
2926
26376
12229
490
26012
13895
2478
4270
280
973
3514
10402
8827
9996
637
10416
4501
6377
4725
875
17983
231
20846
5929
217
7441
8645
847
10969
23219
623
2338
5698
847
182
23905
742
8603
3059
749
17059
5796
1008
21560
5425
4256
10178
22288
4907
483
1316
7826
3654
21588
7434
1512
5439
31899
11312
14539
2191
37212
8127
10906
357
7735
13517
51135
13195
13440
1757
728
7301
7343
11655
4396
10654
