72185
107570
42970
145135
13305
123955
17445
16050
126590
13990
10780
22585
99170
397765
33705
52310
20235
250305
50985
88970
30415
83975
19730
13110
85275
48830
23420
79865
104445
20225
35340
74190
8635
102570
8285
73490
62475
105815
7850
161140
56085
443070
54300
41475
56765
38245
4170
101835
1505
16715
2955
30580
23085
6475
87890
21690
88350
199350
65300
6030
16315
33195
269170
96720
16760
55050
26275
13015
2370
69500
6820
11660
331865
3685
74900
7485
66295
25065
123205
25465
2340
119335
97460
52900
15140
93600
38245
97590
8900
39905
8735
37970
182970
97655
141485
15805
58685
3620
105105
156700
