23174
45764
10098
97594
40680
138374
428570
66394
2812
11928
12270
15310
396312
39198
129438
254124
216386
1184
61178
106766
36494
100868
70800
30382
4642
35026
30600
60314
206944
141968
34562
156118
47642
5340
207812
203774
4840
25858
81552
2680
217570
114346
73586
71732
27288
2298
280794
71974
226902
2650
93338
236240
167544
150168
87478
449264
26836
72134
88406
1604
47338
159740
54690
37128
303322
17236
11654
104976
139052
132346
15750
242606
50132
215210
125422
90122
405444
28318
250712
10200
221820
81158
375522
84186
100810
3114
31554
245708
55760
192464
37884
81212
156510
152848
71202
91474
23424
386392
28144
58150
