19315
18250
7405
12480
1395
7020
10925
1905
6100
24910
735
9490
9705
22510
40345
5825
58100
22750
19820
5750
13715
10535
1320
4840
2655
18335
7895
44910
10180
1135
6015
32980
12365
40700
4805
21295
8795
33525
20855
14875
10185
2090
39800
4005
1055
28295
18915
23170
1535
47640
2955
3640
4245
22690
8495
21065
6645
16245
11295
13230
8915
46890
22210
18710
16760
16300
1555
35120
51675
25630
6820
5200
1105
45155
65005
50530
8570
2465
30445
14285
1620
2660
12525
2230
4185
17165
38460
32255
9435
3975
8735
7440
8770
14510
7245
20220
73060
4975
3270
950
