914
6174
2960
13120
30790
14832
1816
6246
54792
9738
882
7162
15872
41314
93810
12526
31790
23784
2570
8638
13726
6838
10922
20068
10126
93084
53392
30382
4642
9208
34562
21598
5468
11546
42774
74208
1128
16434
8902
978
67298
74426
22966
55052
2582
53630
24674
37586
6424
39416
29546
10690
53100
2124
21276
21718
21246
11522
19632
63778
1800
8896
8450
9274
78062
12234
13708
3750
2324
14584
8180
6240
22792
32726
5212
1378
7868
1996
53824
10042
27866
77568
17072
26910
64156
54190
27666
6160
24846
16816
37884
1448
15628
1082
21322
2942
49688
10612
33340
3926
