72185
92265
15305
103840
97570
114820
1575
41050
16370
110220
10780
22585
37375
37175
119145
44650
41145
251150
5940
66605
30415
2655
13290
100870
84615
105955
46820
53870
64315
3565
35340
74190
8635
63175
124855
70035
94570
7850
161140
29600
56085
125225
69220
78520
189405
7885
27110
41475
56765
38245
2955
30580
23085
6475
87890
21690
88350
199350
13565
57765
16315
33195
269170
96720
16760
21885
59440
13015
2370
69500
6820
11660
220635
12875
153260
271200
59515
5255
36835
80610
2340
94475
14290
10570
71105
2745
93695
227390
8900
39905
8735
37970
182970
79630
2545
84255
28345
23625
70245
133710
