32944
35856
136102
10802
88772
56292
72520
50984
39482
42436
12936
146108
17012
51088
11210
81392
55680
35452
130064
7238
13726
99518
151908
140206
120828
60692
87648
119480
14858
30260
42404
73706
101496
38304
8966
9946
49956
74872
236920
15178
61300
60432
95838
83066
84462
69078
123638
13244
31082
82870
93338
39278
32806
15756
173898
131878
23696
51064
129352
2666
19578
190456
170524
188632
15466
12004
35140
66290
177048
25512
8180
13992
52980
264906
174654
201950
313740
8162
101860
204598
27866
179280
24192
271488
216880
181826
102264
143074
88414
17516
56044
146240
73324
54442
12298
28816
21624
115436
46478
26836
