905006
9068150
759460
323464
514014
1757516
2460910
14468908
4709228
4978656
7499286
6884226
290698
4293982
1886802
1966762
874800
2695312
2233606
3174900
3783002
4076886
14307042
374992
348542
3714364
1611016
3907422
6728966
143432
1758222
1192020
2860566
5880378
4998204
2251600
486696
3311386
9447278
7512570
4083996
1660158
487958
7861060
1287516
5222854
4140470
13215162
5457204
4961914
2924518
410742
3248106
446768
2513850
6349426
383358
2224744
3701460
1692510
19578
4787946
8893598
1040654
2612572
99288
3180156
4707540
15075442
376308
3014596
277812
1782354
556584
1683120
3307294
1212252
1975058
1647436
6626888
13167254
2408344
4438716
2139478
443288
2883732
1461808
1707936
991570
4658580
275610
2025580
3755576
3462112
1093024
128566
764868
6058126
1501152
785448
