9988
1551
32472
11748
16929
14663
20691
20647
12001
24024
46123
8349
8591
9262
15620
10967
13629
8888
62942
4092
23870
6248
35112
12925
5082
4323
22803
10340
12859
16808
41734
19096
10373
18601
60830
43703
56859
16478
7194
13233
4609
22836
14454
6699
2750
2178
32296
39193
7161
19954
34287
12485
1793
90211
15895
12287
20999
20988
12375
16060
10340
3839
8580
12881
7612
3201
2156
7425
4400
52536
21615
39941
7315
6105
25905
10076
1496
34144
5863
4125
7568
16995
46783
7150
3487
34606
4730
13882
38753
28908
1936
91993
18458
15235
3047
2882
25102
1078
17105
10285
