9867
1529
11484
32153
16775
15136
9306
3432
3685
1452
3190
4488
12122
26664
8371
2673
6006
9229
15488
9691
23738
6171
22528
9933
2915
17655
4323
3564
19250
45364
41261
7546
11572
24178
4389
16214
16346
28281
8129
21054
1738
3025
22429
14300
6688
36278
11935
15466
5632
6402
3355
30811
8569
3795
1793
32714
44352
13563
6886
7887
14223
8162
5137
7766
7612
5104
1892
9911
7821
13893
9339
12331
37796
1782
3905
3608
5951
35431
1507
24321
7480
16698
10736
26675
3839
5489
10340
34287
2464
16016
1925
91674
35299
2827
6930
12628
5676
27907
12199
1914
