2736
28566
1467
6579
6588
2358
7353
4050
1467
585
5607
3771
9054
13356
10449
3042
675
1044
3330
4212
5337
4275
9360
864
2277
4347
909
2925
10170
16002
4365
12168
6966
2322
1926
1863
1413
2196
2079
2475
1575
6570
16344
9945
4572
3222
2592
16281
5787
16938
2124
7029
6822
11349
2844
6687
9315
2232
4698
5634
13743
9720
9306
11142
13599
1584
7983
4770
2754
2637
4113
24345
15174
5040
2880
14976
15759
5418
21969
2934
6084
19503
1206
6012
1242
3231
630
12069
5652
1278
2736
7344
16371
2214
8199
6048
1845
1566
6183
9027
