2736
28548
14562
2322
7335
4041
1467
585
14418
2808
5616
3771
9054
13374
10413
3042
675
4302
4212
4257
5337
4275
12411
4347
909
2934
10215
15948
2025
1287
4365
12096
9189
1926
1863
1413
2187
2079
2502
1566
1575
6561
16299
9927
4599
3213
2592
16263
5787
16875
2124
7011
6822
11349
2844
6687
9297
2232
4698
5634
13743
9774
9288
11142
13653
1584
7983
4770
2754
2637
4113
24336
15219
5040
2889
14967
21069
21951
2934
22041
6084
19485
8451
3204
630
12051
5634
1278
9477
2043
2718
3609
3699
16353
1710
5076
3546
6048
1845
1566
