9966
13024
32461
16830
14586
13178
7645
20614
11814
23826
3179
16412
26730
8371
8470
9251
15576
10890
13464
8855
23782
6226
22627
12639
12881
5060
4323
3608
19327
22770
41382
19030
28622
32538
28402
43648
1342
16368
6105
11264
1738
3025
22638
14399
6688
33077
3652
12056
27269
26741
34122
12430
1793
77440
13629
14696
12265
41657
12243
15972
13838
8624
12749
7590
5192
7480
12144
62337
2332
64856
9405
12408
38885
7920
6072
25751
10384
44484
7854
10252
7535
1936
15180
46486
7249
3553
52877
2684
16478
10131
1947
109934
15169
3047
2871
25069
1078
17061
10219
17446
